"Plot Title: Bradford_7con"
"#","Date Time, GMT-05:00","Full Range, μS/cm (LGR S/N: 21415359, SEN S/N: 21415359)","Temp, °F (LGR S/N: 21415359, SEN S/N: 21415359)"
1,03/13/23 01:00:00 PM,94.1,66.79
2,03/13/23 01:15:00 PM,98.2,66.94
3,03/13/23 01:30:00 PM,97.7,66.96
4,03/13/23 01:45:00 PM,96.5,66.99
5,03/13/23 02:00:00 PM,95.7,66.99
6,03/13/23 02:15:00 PM,94.1,67.05
7,03/13/23 02:30:00 PM,92.9,67.14
8,03/13/23 02:45:00 PM,91.6,67.23
9,03/13/23 03:00:00 PM,91.2,67.32
10,03/13/23 03:15:00 PM,88.4,67.42
11,03/13/23 03:30:00 PM,86.8,67.48
12,03/13/23 03:45:00 PM,83.1,67.55
13,03/13/23 04:00:00 PM,81.9,67.62
14,03/13/23 04:15:00 PM,81.1,67.66
15,03/13/23 04:30:00 PM,85.9,67.71
16,03/13/23 04:45:00 PM,86.7,67.77
17,03/13/23 05:00:00 PM,87.5,67.82
18,03/13/23 05:15:00 PM,87.5,67.84
19,03/13/23 05:30:00 PM,89.2,67.84
20,03/13/23 05:45:00 PM,100.9,67.84
21,03/13/23 06:00:00 PM,104.2,67.84
22,03/13/23 06:15:00 PM,109.5,67.84
23,03/13/23 06:30:00 PM,113.5,67.82
24,03/13/23 06:45:00 PM,116.0,67.80
25,03/13/23 07:00:00 PM,118.4,67.75
26,03/13/23 07:15:00 PM,121.3,67.71
27,03/13/23 07:30:00 PM,124.9,67.64
28,03/13/23 07:45:00 PM,127.8,67.59
29,03/13/23 08:00:00 PM,131.8,67.55
30,03/13/23 08:15:00 PM,135.1,67.48
31,03/13/23 08:30:00 PM,137.6,67.42
32,03/13/23 08:45:00 PM,141.2,67.39
33,03/13/23 09:00:00 PM,144.1,67.33
34,03/13/23 09:15:00 PM,146.5,67.28
35,03/13/23 09:30:00 PM,149.0,67.23
36,03/13/23 09:45:00 PM,151.0,67.17
37,03/13/23 10:00:00 PM,152.6,67.14
38,03/13/23 10:15:00 PM,153.9,67.06
39,03/13/23 10:30:00 PM,155.1,66.97
40,03/13/23 10:45:00 PM,155.9,66.94
41,03/13/23 11:00:00 PM,156.7,66.87
42,03/13/23 11:15:00 PM,157.6,66.79
43,03/13/23 11:30:00 PM,158.0,66.70
44,03/13/23 11:45:00 PM,157.6,66.63
45,03/14/23 12:00:00 AM,157.6,66.54
46,03/14/23 12:15:00 AM,156.8,66.47
47,03/14/23 12:30:00 AM,156.8,66.38
48,03/14/23 12:45:00 AM,156.8,66.27
49,03/14/23 01:00:00 AM,155.6,66.18
50,03/14/23 01:15:00 AM,155.2,66.09
51,03/14/23 01:30:00 AM,154.8,65.97
52,03/14/23 01:45:00 AM,154.0,65.86
53,03/14/23 02:00:00 AM,152.8,65.75
54,03/14/23 02:15:00 AM,152.0,65.61
55,03/14/23 02:30:00 AM,151.2,65.46
56,03/14/23 02:45:00 AM,150.4,65.34
57,03/14/23 03:00:00 AM,149.6,65.19
58,03/14/23 03:15:00 AM,148.3,65.05
59,03/14/23 03:30:00 AM,147.9,64.92
60,03/14/23 03:45:00 AM,147.1,64.78
61,03/14/23 04:00:00 AM,146.8,64.62
62,03/14/23 04:15:00 AM,145.5,64.49
63,03/14/23 04:30:00 AM,145.1,64.35
64,03/14/23 04:45:00 AM,144.3,64.18
65,03/14/23 05:00:00 AM,144.4,64.06
66,03/14/23 05:15:00 AM,143.6,63.90
67,03/14/23 05:30:00 AM,143.2,63.73
68,03/14/23 05:45:00 AM,141.9,63.57
69,03/14/23 06:00:00 AM,142.0,63.43
70,03/14/23 06:15:00 AM,141.2,63.25
71,03/14/23 06:30:00 AM,140.4,63.12
72,03/14/23 06:45:00 AM,139.6,62.96
73,03/14/23 07:00:00 AM,139.2,62.82
74,03/14/23 07:15:00 AM,138.8,62.69
75,03/14/23 07:30:00 AM,138.4,62.58
76,03/14/23 07:45:00 AM,138.0,62.49
77,03/14/23 08:00:00 AM,138.0,62.40
78,03/14/23 08:15:00 AM,137.6,62.31
79,03/14/23 08:30:00 AM,137.2,62.24
80,03/14/23 08:45:00 AM,136.8,62.20
81,03/14/23 09:00:00 AM,136.8,62.13
82,03/14/23 09:15:00 AM,136.4,62.13
83,03/14/23 09:30:00 AM,136.4,62.13
84,03/14/23 09:45:00 AM,136.4,62.15
85,03/14/23 10:00:00 AM,136.3,62.20
86,03/14/23 10:15:00 AM,136.3,62.24
87,03/14/23 10:30:00 AM,136.3,62.31
88,03/14/23 10:45:00 AM,136.3,62.38
89,03/14/23 11:00:00 AM,136.3,62.44
90,03/14/23 11:15:00 AM,135.9,62.47
91,03/14/23 11:30:00 AM,136.3,62.49
92,03/14/23 11:45:00 AM,136.3,62.55
93,03/14/23 12:00:00 PM,135.9,62.56
94,03/14/23 12:15:00 PM,135.9,62.56
95,03/14/23 12:30:00 PM,135.9,62.58
96,03/14/23 12:45:00 PM,135.9,62.62
97,03/14/23 01:00:00 PM,135.9,62.71
98,03/14/23 01:15:00 PM,136.3,62.83
99,03/14/23 01:30:00 PM,136.3,62.96
100,03/14/23 01:45:00 PM,136.3,63.00
101,03/14/23 02:00:00 PM,136.7,63.05
102,03/14/23 02:15:00 PM,136.7,63.16
103,03/14/23 02:30:00 PM,137.1,63.34
104,03/14/23 02:45:00 PM,137.5,63.55
105,03/14/23 03:00:00 PM,137.9,63.72
106,03/14/23 03:15:00 PM,137.4,63.81
107,03/14/23 03:30:00 PM,137.8,63.84
108,03/14/23 03:45:00 PM,137.8,63.88
109,03/14/23 04:00:00 PM,137.8,63.88
110,03/14/23 04:15:00 PM,137.8,63.88
111,03/14/23 04:30:00 PM,137.8,63.88
112,03/14/23 04:45:00 PM,138.3,63.88
113,03/14/23 05:00:00 PM,138.3,63.88
114,03/14/23 05:15:00 PM,138.3,63.84
115,03/14/23 05:30:00 PM,138.3,63.84
116,03/14/23 05:45:00 PM,138.3,63.81
117,03/14/23 06:00:00 PM,138.3,63.77
118,03/14/23 06:15:00 PM,137.9,63.73
119,03/14/23 06:30:00 PM,137.9,63.68
120,03/14/23 06:45:00 PM,138.3,63.59
121,03/14/23 07:00:00 PM,137.9,63.48
122,03/14/23 07:15:00 PM,137.5,63.37
123,03/14/23 07:30:00 PM,137.5,63.23
124,03/14/23 07:45:00 PM,137.5,63.09
125,03/14/23 08:00:00 PM,137.5,62.92
126,03/14/23 08:15:00 PM,137.1,62.80
127,03/14/23 08:30:00 PM,136.7,62.65
128,03/14/23 08:45:00 PM,136.7,62.53
129,03/14/23 09:00:00 PM,136.3,62.40
130,03/14/23 09:15:00 PM,136.3,62.28
131,03/14/23 09:30:00 PM,136.4,62.13
132,03/14/23 09:45:00 PM,136.4,62.02
133,03/14/23 10:00:00 PM,136.0,61.90
134,03/14/23 10:15:00 PM,136.0,61.79
135,03/14/23 10:30:00 PM,136.0,61.65
136,03/14/23 10:45:00 PM,135.6,61.59
137,03/14/23 11:00:00 PM,136.0,61.47
138,03/14/23 11:15:00 PM,135.6,61.36
139,03/14/23 11:30:00 PM,135.6,61.25
140,03/14/23 11:45:00 PM,135.2,61.12
141,03/15/23 12:00:00 AM,135.2,61.00
142,03/15/23 12:15:00 AM,134.8,60.87
143,03/15/23 12:30:00 AM,134.8,60.76
144,03/15/23 12:45:00 AM,134.4,60.66
145,03/15/23 01:00:00 AM,134.4,60.51
146,03/15/23 01:15:00 AM,134.0,60.37
147,03/15/23 01:30:00 AM,134.5,60.28
148,03/15/23 01:45:00 AM,134.1,60.17
149,03/15/23 02:00:00 AM,133.7,60.03
150,03/15/23 02:15:00 AM,133.7,59.97
151,03/15/23 02:30:00 AM,133.3,59.83
152,03/15/23 02:45:00 AM,133.3,59.72
153,03/15/23 03:00:00 AM,133.3,59.63
154,03/15/23 03:15:00 AM,133.3,59.50
155,03/15/23 03:30:00 AM,133.3,59.41
156,03/15/23 03:45:00 AM,132.9,59.31
157,03/15/23 04:00:00 AM,132.9,59.18
158,03/15/23 04:15:00 AM,132.9,59.09
159,03/15/23 04:30:00 AM,132.5,59.00
160,03/15/23 04:45:00 AM,132.9,58.89
161,03/15/23 05:00:00 AM,132.1,58.80
162,03/15/23 05:15:00 AM,132.5,58.68
163,03/15/23 05:30:00 AM,132.6,58.59
164,03/15/23 05:45:00 AM,132.2,58.48
165,03/15/23 06:00:00 AM,131.8,58.37
166,03/15/23 06:15:00 AM,131.8,58.28
167,03/15/23 06:30:00 AM,131.4,58.19
168,03/15/23 06:45:00 AM,131.8,58.10
169,03/15/23 07:00:00 AM,131.4,57.97
170,03/15/23 07:15:00 AM,131.0,57.90
171,03/15/23 07:30:00 AM,131.0,57.81
172,03/15/23 07:45:00 AM,131.0,57.72
173,03/15/23 08:00:00 AM,131.0,57.65
174,03/15/23 08:15:00 AM,131.0,57.56
175,03/15/23 08:30:00 AM,131.0,57.51
176,03/15/23 08:45:00 AM,131.0,57.45
177,03/15/23 09:00:00 AM,131.0,57.40
178,03/15/23 09:15:00 AM,131.0,57.38
179,03/15/23 09:30:00 AM,131.0,57.38
180,03/15/23 09:45:00 AM,131.0,57.43
181,03/15/23 10:00:00 AM,131.4,57.51
182,03/15/23 10:15:00 AM,131.4,57.56
183,03/15/23 10:30:00 AM,131.8,57.69
184,03/15/23 10:45:00 AM,132.2,57.81
185,03/15/23 11:00:00 AM,132.2,57.99
186,03/15/23 11:15:00 AM,132.6,58.15
187,03/15/23 11:30:00 AM,133.0,58.33
188,03/15/23 11:45:00 AM,133.4,58.48
189,03/15/23 12:00:00 PM,133.4,58.64
190,03/15/23 12:15:00 PM,133.8,58.78
191,03/15/23 12:30:00 PM,134.2,58.84
192,03/15/23 12:45:00 PM,134.2,58.91
193,03/15/23 01:00:00 PM,134.2,58.96
194,03/15/23 01:15:00 PM,134.6,59.13
195,03/15/23 01:30:00 PM,134.5,59.25
196,03/15/23 01:45:00 PM,134.9,59.34
197,03/15/23 02:00:00 PM,134.5,59.43
198,03/15/23 02:15:00 PM,135.3,59.52
199,03/15/23 02:30:00 PM,135.7,59.74
200,03/15/23 02:45:00 PM,135.7,59.92
201,03/15/23 03:00:00 PM,136.1,60.15
202,03/15/23 03:15:00 PM,136.9,60.35
203,03/15/23 03:30:00 PM,136.9,60.51
204,03/15/23 03:45:00 PM,137.7,60.62
205,03/15/23 04:00:00 PM,137.3,60.69
206,03/15/23 04:15:00 PM,137.7,60.76
207,03/15/23 04:30:00 PM,137.7,60.80
208,03/15/23 04:45:00 PM,137.7,60.85
209,03/15/23 05:00:00 PM,137.7,60.87
210,03/15/23 05:15:00 PM,137.7,60.91
211,03/15/23 05:30:00 PM,137.7,60.91
212,03/15/23 05:45:00 PM,137.7,60.91
213,03/15/23 06:00:00 PM,137.7,60.87
214,03/15/23 06:15:00 PM,137.7,60.85
215,03/15/23 06:30:00 PM,137.3,60.84
216,03/15/23 06:45:00 PM,136.9,60.80
217,03/15/23 07:00:00 PM,137.3,60.75
218,03/15/23 07:15:00 PM,137.7,60.69
219,03/15/23 07:30:00 PM,137.3,60.66
220,03/15/23 07:45:00 PM,136.9,60.58
221,03/15/23 08:00:00 PM,136.5,60.49
222,03/15/23 08:15:00 PM,136.5,60.40
223,03/15/23 08:30:00 PM,136.5,60.28
224,03/15/23 08:45:00 PM,136.5,60.19
225,03/15/23 09:00:00 PM,136.5,60.08
226,03/15/23 09:15:00 PM,135.7,59.94
227,03/15/23 09:30:00 PM,136.1,59.83
228,03/15/23 09:45:00 PM,135.7,59.68
229,03/15/23 10:00:00 PM,135.7,59.56
230,03/15/23 10:15:00 PM,135.8,59.41
231,03/15/23 10:30:00 PM,135.4,59.27
232,03/15/23 10:45:00 PM,135.0,59.14
233,03/15/23 11:00:00 PM,135.0,59.05
234,03/15/23 11:15:00 PM,134.6,58.89
235,03/15/23 11:30:00 PM,133.8,58.75
236,03/15/23 11:45:00 PM,134.6,58.62
237,03/16/23 12:00:00 AM,134.6,58.48
238,03/16/23 12:15:00 AM,134.2,58.30
239,03/16/23 12:30:00 AM,133.8,58.15
240,03/16/23 12:45:00 AM,131.8,58.03
241,03/16/23 01:00:00 AM,131.8,57.87
242,03/16/23 01:15:00 AM,131.8,57.70
243,03/16/23 01:30:00 AM,131.4,57.56
244,03/16/23 01:45:00 AM,131.4,57.40
245,03/16/23 02:00:00 AM,131.0,57.27
246,03/16/23 02:15:00 AM,130.6,57.11
247,03/16/23 02:30:00 AM,130.2,56.97
248,03/16/23 02:45:00 AM,129.8,56.84
249,03/16/23 03:00:00 AM,129.8,56.68
250,03/16/23 03:15:00 AM,129.4,56.53
251,03/16/23 03:30:00 AM,129.0,56.41
252,03/16/23 03:45:00 AM,129.0,56.28
253,03/16/23 04:00:00 AM,128.6,56.16
254,03/16/23 04:15:00 AM,128.7,56.01
255,03/16/23 04:30:00 AM,128.3,55.85
256,03/16/23 04:45:00 AM,127.9,55.72
257,03/16/23 05:00:00 AM,127.9,55.60
258,03/16/23 05:15:00 AM,127.1,55.47
259,03/16/23 05:30:00 AM,126.3,55.33
260,03/16/23 05:45:00 AM,125.9,55.18
261,03/16/23 06:00:00 AM,125.5,55.08
262,03/16/23 06:15:00 AM,125.5,54.97
263,03/16/23 06:30:00 AM,126.7,54.82
264,03/16/23 06:45:00 AM,125.9,54.68
265,03/16/23 07:00:00 AM,125.9,54.57
266,03/16/23 07:15:00 AM,125.9,54.48
267,03/16/23 07:30:00 AM,125.9,54.41
268,03/16/23 07:45:00 AM,125.5,54.37
269,03/16/23 08:00:00 AM,125.9,54.39
270,03/16/23 08:15:00 AM,125.9,54.41
271,03/16/23 08:30:00 AM,125.9,54.50
272,03/16/23 08:45:00 AM,125.9,54.59
273,03/16/23 09:00:00 AM,126.3,54.72
274,03/16/23 09:15:00 AM,126.3,54.88
275,03/16/23 09:30:00 AM,126.7,55.06
276,03/16/23 09:45:00 AM,127.1,55.26
277,03/16/23 10:00:00 AM,127.9,55.51
278,03/16/23 10:15:00 AM,127.9,55.78
279,03/16/23 10:30:00 AM,128.2,56.10
280,03/16/23 10:45:00 AM,129.0,56.37
281,03/16/23 11:00:00 AM,129.4,56.68
282,03/16/23 11:15:00 AM,129.8,56.93
283,03/16/23 11:30:00 AM,130.2,57.15
284,03/16/23 11:45:00 AM,131.0,57.40
285,03/16/23 12:00:00 PM,131.0,57.63
286,03/16/23 12:15:00 PM,131.4,57.85
287,03/16/23 12:30:00 PM,131.8,58.03
288,03/16/23 12:45:00 PM,131.8,58.14
289,03/16/23 01:00:00 PM,132.2,58.21
290,03/16/23 01:15:00 PM,132.6,58.37
291,03/16/23 01:30:00 PM,132.6,58.55
292,03/16/23 01:45:00 PM,132.5,58.73
293,03/16/23 02:00:00 PM,133.3,58.89
294,03/16/23 02:15:00 PM,133.3,59.05
295,03/16/23 02:30:00 PM,134.1,59.31
296,03/16/23 02:45:00 PM,134.5,59.47
297,03/16/23 03:00:00 PM,134.9,59.74
298,03/16/23 03:15:00 PM,135.7,60.01
299,03/16/23 03:30:00 PM,135.7,60.28
300,03/16/23 03:45:00 PM,136.5,60.49
301,03/16/23 04:00:00 PM,136.9,60.67
302,03/16/23 04:15:00 PM,137.3,60.84
303,03/16/23 04:30:00 PM,137.7,61.00
304,03/16/23 04:45:00 PM,138.1,61.12
305,03/16/23 05:00:00 PM,138.1,61.25
306,03/16/23 05:15:00 PM,138.5,61.36
307,03/16/23 05:30:00 PM,138.5,61.45
308,03/16/23 05:45:00 PM,138.4,61.52
309,03/16/23 06:00:00 PM,138.8,61.59
310,03/16/23 06:15:00 PM,138.4,61.61
311,03/16/23 06:30:00 PM,138.8,61.61
312,03/16/23 06:45:00 PM,138.8,61.61
313,03/16/23 07:00:00 PM,139.3,61.61
314,03/16/23 07:15:00 PM,139.3,61.61
315,03/16/23 07:30:00 PM,138.8,61.59
316,03/16/23 07:45:00 PM,138.8,61.56
317,03/16/23 08:00:00 PM,138.4,61.50
318,03/16/23 08:15:00 PM,139.3,61.45
319,03/16/23 08:30:00 PM,138.9,61.43
320,03/16/23 08:45:00 PM,138.9,61.36
321,03/16/23 09:00:00 PM,138.5,61.29
322,03/16/23 09:15:00 PM,138.5,61.21
323,03/16/23 09:30:00 PM,138.5,61.16
324,03/16/23 09:45:00 PM,138.5,61.05
325,03/16/23 10:00:00 PM,138.1,60.96
326,03/16/23 10:15:00 PM,138.1,60.91
327,03/16/23 10:30:00 PM,138.1,60.80
328,03/16/23 10:45:00 PM,137.7,60.71
329,03/16/23 11:00:00 PM,137.7,60.62
330,03/16/23 11:15:00 PM,137.3,60.51
331,03/16/23 11:30:00 PM,137.3,60.42
332,03/16/23 11:45:00 PM,136.9,60.31
333,03/17/23 12:00:00 AM,136.9,60.22
334,03/17/23 12:15:00 AM,136.9,60.12
335,03/17/23 12:30:00 AM,136.5,60.03
336,03/17/23 12:45:00 AM,136.5,59.94
337,03/17/23 01:00:00 AM,136.5,59.90
338,03/17/23 01:15:00 AM,136.5,59.85
339,03/17/23 01:30:00 AM,136.5,59.77
340,03/17/23 01:45:00 AM,136.5,59.74
341,03/17/23 02:00:00 AM,136.6,59.68
342,03/17/23 02:15:00 AM,136.6,59.63
343,03/17/23 02:30:00 AM,136.6,59.59
344,03/17/23 02:45:00 AM,136.2,59.52
345,03/17/23 03:00:00 AM,136.6,59.49
346,03/17/23 03:15:00 AM,136.2,59.47
347,03/17/23 03:30:00 AM,136.2,59.41
348,03/17/23 03:45:00 AM,136.2,59.34
349,03/17/23 04:00:00 AM,136.2,59.31
350,03/17/23 04:15:00 AM,136.2,59.23
351,03/17/23 04:30:00 AM,136.2,59.16
352,03/17/23 04:45:00 AM,136.2,59.09
353,03/17/23 05:00:00 AM,136.2,59.07
354,03/17/23 05:15:00 AM,136.2,59.00
355,03/17/23 05:30:00 AM,136.2,58.98
356,03/17/23 05:45:00 AM,136.2,58.96
357,03/17/23 06:00:00 AM,135.8,58.93
358,03/17/23 06:15:00 AM,136.2,58.89
359,03/17/23 06:30:00 AM,135.8,58.87
360,03/17/23 06:45:00 AM,135.4,58.80
361,03/17/23 07:00:00 AM,135.4,58.80
362,03/17/23 07:15:00 AM,135.4,58.78
363,03/17/23 07:30:00 AM,135.4,58.82
364,03/17/23 07:45:00 AM,135.8,58.84
365,03/17/23 08:00:00 AM,136.2,58.87
366,03/17/23 08:15:00 AM,136.2,58.93
367,03/17/23 08:30:00 AM,136.2,59.04
368,03/17/23 08:45:00 AM,136.6,59.16
369,03/17/23 09:00:00 AM,136.6,59.31
370,03/17/23 09:15:00 AM,136.6,59.47
371,03/17/23 09:30:00 AM,136.6,59.65
372,03/17/23 09:45:00 AM,136.9,59.85
373,03/17/23 10:00:00 AM,137.3,60.08
374,03/17/23 10:15:00 AM,137.7,60.35
375,03/17/23 10:30:00 AM,138.5,60.66
376,03/17/23 10:45:00 AM,138.5,60.94
377,03/17/23 11:00:00 AM,139.3,61.21
378,03/17/23 11:15:00 AM,139.7,61.47
379,03/17/23 11:30:00 AM,139.7,61.70
380,03/17/23 11:45:00 AM,140.4,61.97
381,03/17/23 12:00:00 PM,140.8,62.22
382,03/17/23 12:15:00 PM,140.8,62.49
383,03/17/23 12:30:00 PM,141.6,62.71
384,03/17/23 12:45:00 PM,141.6,62.82
385,03/17/23 01:00:00 PM,141.6,62.91
386,03/17/23 01:15:00 PM,142.0,63.09
387,03/17/23 01:30:00 PM,142.4,63.18
388,03/17/23 01:45:00 PM,142.4,63.39
389,03/17/23 02:00:00 PM,143.2,63.59
390,03/17/23 02:15:00 PM,143.1,63.82
391,03/17/23 02:30:00 PM,144.0,63.97
392,03/17/23 02:45:00 PM,143.9,64.11
393,03/17/23 03:00:00 PM,144.7,64.35
394,03/17/23 03:15:00 PM,145.1,64.58
395,03/17/23 03:30:00 PM,145.1,64.81
396,03/17/23 03:45:00 PM,145.5,64.99
397,03/17/23 04:00:00 PM,145.9,65.12
398,03/17/23 04:15:00 PM,146.3,65.25
399,03/17/23 04:30:00 PM,146.7,65.35
400,03/17/23 04:45:00 PM,146.7,65.44
401,03/17/23 05:00:00 PM,146.7,65.52
402,03/17/23 05:15:00 PM,147.1,65.61
403,03/17/23 05:30:00 PM,147.5,65.64
404,03/17/23 05:45:00 PM,147.5,65.70
405,03/17/23 06:00:00 PM,147.5,65.71
406,03/17/23 06:15:00 PM,147.5,65.77
407,03/17/23 06:30:00 PM,147.5,65.77
408,03/17/23 06:45:00 PM,147.5,65.77
409,03/17/23 07:00:00 PM,147.9,65.75
410,03/17/23 07:15:00 PM,147.9,65.71
411,03/17/23 07:30:00 PM,147.9,65.70
412,03/17/23 07:45:00 PM,147.9,65.68
413,03/17/23 08:00:00 PM,147.5,65.64
414,03/17/23 08:15:00 PM,147.5,65.62
415,03/17/23 08:30:00 PM,147.5,65.59
416,03/17/23 08:45:00 PM,147.5,65.55
417,03/17/23 09:00:00 PM,147.1,65.53
418,03/17/23 09:15:00 PM,147.5,65.52
419,03/17/23 09:30:00 PM,147.5,65.50
420,03/17/23 09:45:00 PM,147.5,65.44
421,03/17/23 10:00:00 PM,147.5,65.41
422,03/17/23 10:15:00 PM,147.1,65.35
423,03/17/23 10:30:00 PM,146.7,65.30
424,03/17/23 10:45:00 PM,147.1,65.25
425,03/17/23 11:00:00 PM,147.1,65.21
426,03/17/23 11:15:00 PM,146.7,65.17
427,03/17/23 11:30:00 PM,146.7,65.12
428,03/17/23 11:45:00 PM,146.3,65.10
429,03/18/23 12:00:00 AM,146.3,65.05
430,03/18/23 12:15:00 AM,146.3,65.03
431,03/18/23 12:30:00 AM,146.3,65.01
432,03/18/23 12:45:00 AM,146.3,64.99
433,03/18/23 01:00:00 AM,146.3,64.96
434,03/18/23 01:15:00 AM,145.9,64.94
435,03/18/23 01:30:00 AM,145.9,64.94
436,03/18/23 01:45:00 AM,145.5,64.92
437,03/18/23 02:00:00 AM,145.5,64.92
438,03/18/23 02:15:00 AM,145.5,64.92
439,03/18/23 02:30:00 AM,145.1,64.90
440,03/18/23 02:45:00 AM,145.1,64.87
441,03/18/23 03:00:00 AM,145.1,64.85
442,03/18/23 03:15:00 AM,145.1,64.83
443,03/18/23 03:30:00 AM,145.1,64.83
444,03/18/23 03:45:00 AM,145.1,64.81
445,03/18/23 04:00:00 AM,145.1,64.81
446,03/18/23 04:15:00 AM,144.7,64.78
447,03/18/23 04:30:00 AM,144.7,64.74
448,03/18/23 04:45:00 AM,144.7,64.74
449,03/18/23 05:00:00 AM,144.7,64.71
450,03/18/23 05:15:00 AM,144.7,64.69
451,03/18/23 05:30:00 AM,144.7,64.69
452,03/18/23 05:45:00 AM,144.7,64.69
453,03/18/23 06:00:00 AM,144.7,64.67
454,03/18/23 06:15:00 AM,144.7,64.65
455,03/18/23 06:30:00 AM,144.7,64.65
456,03/18/23 06:45:00 AM,144.7,64.65
457,03/18/23 07:00:00 AM,144.7,64.65
458,03/18/23 07:15:00 AM,144.7,64.65
459,03/18/23 07:30:00 AM,144.3,64.65
460,03/18/23 07:45:00 AM,144.7,64.65
461,03/18/23 08:00:00 AM,144.7,64.65
462,03/18/23 08:15:00 AM,144.3,64.65
463,03/18/23 08:30:00 AM,144.7,64.69
464,03/18/23 08:45:00 AM,144.7,64.71
465,03/18/23 09:00:00 AM,144.7,64.74
466,03/18/23 09:15:00 AM,144.7,64.83
467,03/18/23 09:30:00 AM,144.7,64.94
468,03/18/23 09:45:00 AM,145.1,65.05
469,03/18/23 10:00:00 AM,145.1,65.16
470,03/18/23 10:15:00 AM,145.1,65.21
471,03/18/23 10:30:00 AM,145.1,65.26
472,03/18/23 10:45:00 AM,145.1,65.26
473,03/18/23 11:00:00 AM,145.1,65.26
474,03/18/23 11:15:00 AM,145.5,65.26
475,03/18/23 11:30:00 AM,145.5,65.28
476,03/18/23 11:45:00 AM,145.5,65.30
477,03/18/23 12:00:00 PM,145.5,65.35
478,03/18/23 12:15:00 PM,145.5,65.37
479,03/18/23 12:30:00 PM,145.5,65.37
480,03/18/23 12:45:00 PM,145.5,65.35
481,03/18/23 01:00:00 PM,145.5,65.34
482,03/18/23 01:15:00 PM,145.5,65.30
483,03/18/23 01:30:00 PM,145.9,65.26
484,03/18/23 01:45:00 PM,145.1,65.21
485,03/18/23 02:00:00 PM,145.1,65.19
486,03/18/23 02:15:00 PM,144.7,65.16
487,03/18/23 02:30:00 PM,145.1,65.16
488,03/18/23 02:45:00 PM,145.1,65.10
489,03/18/23 03:00:00 PM,144.7,65.03
490,03/18/23 03:15:00 PM,144.7,64.94
491,03/18/23 03:30:00 PM,144.7,64.85
492,03/18/23 03:45:00 PM,144.3,64.74
493,03/18/23 04:00:00 PM,143.9,64.62
494,03/18/23 04:15:00 PM,143.9,64.56
495,03/18/23 04:30:00 PM,143.9,64.47
496,03/18/23 04:45:00 PM,143.5,64.35
497,03/18/23 05:00:00 PM,143.1,64.26
498,03/18/23 05:15:00 PM,143.1,64.15
499,03/18/23 05:30:00 PM,142.7,64.02
500,03/18/23 05:45:00 PM,142.7,63.91
501,03/18/23 06:00:00 PM,142.7,63.81
502,03/18/23 06:15:00 PM,141.9,63.68
503,03/18/23 06:30:00 PM,141.9,63.55
504,03/18/23 06:45:00 PM,141.6,63.39
505,03/18/23 07:00:00 PM,141.2,63.25
506,03/18/23 07:15:00 PM,140.8,63.09
507,03/18/23 07:30:00 PM,140.8,62.91
508,03/18/23 07:45:00 PM,140.8,62.74
509,03/18/23 08:00:00 PM,140.0,62.56
510,03/18/23 08:15:00 PM,139.6,62.44
511,03/18/23 08:30:00 PM,139.2,62.28
512,03/18/23 08:45:00 PM,139.2,62.13
513,03/18/23 09:00:00 PM,139.2,62.02
514,03/18/23 09:15:00 PM,138.4,61.88
515,03/18/23 09:30:00 PM,138.8,61.77
516,03/18/23 09:45:00 PM,138.4,61.61
517,03/18/23 10:00:00 PM,138.4,61.52
518,03/18/23 10:15:00 PM,137.6,61.36
519,03/18/23 10:30:00 PM,137.2,61.21
520,03/18/23 10:45:00 PM,137.3,61.09
521,03/18/23 11:00:00 PM,136.9,60.96
522,03/18/23 11:15:00 PM,136.5,60.80
523,03/18/23 11:30:00 PM,136.5,60.67
524,03/18/23 11:45:00 PM,136.1,60.53
525,03/19/23 12:00:00 AM,135.7,60.40
526,03/19/23 12:15:00 AM,135.3,60.26
527,03/19/23 12:30:00 AM,135.3,60.12
528,03/19/23 12:45:00 AM,134.9,60.01
529,03/19/23 01:00:00 AM,133.7,59.86
530,03/19/23 01:15:00 AM,133.7,59.77
531,03/19/23 01:30:00 AM,133.7,59.67
532,03/19/23 01:45:00 AM,133.3,59.58
533,03/19/23 02:00:00 AM,133.3,59.47
534,03/19/23 02:15:00 AM,133.3,59.34
535,03/19/23 02:30:00 AM,132.9,59.25
536,03/19/23 02:45:00 AM,132.9,59.14
537,03/19/23 03:00:00 AM,132.5,59.07
538,03/19/23 03:15:00 AM,132.1,58.96
539,03/19/23 03:30:00 AM,131.7,58.87
540,03/19/23 03:45:00 AM,131.7,58.75
541,03/19/23 04:00:00 AM,131.7,58.66
542,03/19/23 04:15:00 AM,131.7,58.59
543,03/19/23 04:30:00 AM,131.7,58.50
544,03/19/23 04:45:00 AM,130.9,58.41
545,03/19/23 05:00:00 AM,130.9,58.32
546,03/19/23 05:15:00 AM,130.9,58.24
547,03/19/23 05:30:00 AM,130.5,58.15
548,03/19/23 05:45:00 AM,130.5,58.10
549,03/19/23 06:00:00 AM,130.6,57.99
550,03/19/23 06:15:00 AM,130.2,57.90
551,03/19/23 06:30:00 AM,129.8,57.79
552,03/19/23 06:45:00 AM,129.8,57.70
553,03/19/23 07:00:00 AM,129.8,57.63
554,03/19/23 07:15:00 AM,129.4,57.54
555,03/19/23 07:30:00 AM,129.4,57.51
556,03/19/23 07:45:00 AM,129.0,57.43
557,03/19/23 08:00:00 AM,129.4,57.40
558,03/19/23 08:15:00 AM,129.0,57.38
559,03/19/23 08:30:00 AM,129.0,57.38
560,03/19/23 08:45:00 AM,129.0,57.38
561,03/19/23 09:00:00 AM,128.6,57.43
562,03/19/23 09:15:00 AM,128.5,57.51
563,03/19/23 09:30:00 AM,128.5,57.56
564,03/19/23 09:45:00 AM,129.3,57.69
565,03/19/23 10:00:00 AM,128.9,57.81
566,03/19/23 10:15:00 AM,129.7,57.94
567,03/19/23 10:30:00 AM,128.5,58.14
568,03/19/23 10:45:00 AM,129.3,58.33
569,03/19/23 11:00:00 AM,129.7,58.53
570,03/19/23 11:15:00 AM,129.7,58.66
571,03/19/23 11:30:00 AM,129.7,58.82
572,03/19/23 11:45:00 AM,130.1,59.00
573,03/19/23 12:00:00 PM,130.5,59.16
574,03/19/23 12:15:00 PM,130.4,59.34
575,03/19/23 12:30:00 PM,130.8,59.52
576,03/19/23 12:45:00 PM,131.2,59.58
577,03/19/23 01:00:00 PM,131.2,59.59
578,03/19/23 01:15:00 PM,130.8,59.63
579,03/19/23 01:30:00 PM,131.2,59.63
580,03/19/23 01:45:00 PM,131.2,59.67
581,03/19/23 02:00:00 PM,131.6,59.72
582,03/19/23 02:15:00 PM,131.6,59.76
583,03/19/23 02:30:00 PM,131.6,59.81
584,03/19/23 02:45:00 PM,131.6,59.81
585,03/19/23 03:00:00 PM,131.2,59.85
586,03/19/23 03:15:00 PM,131.6,59.90
587,03/19/23 03:30:00 PM,131.6,59.94
588,03/19/23 03:45:00 PM,131.6,60.01
589,03/19/23 04:00:00 PM,131.6,60.03
590,03/19/23 04:15:00 PM,131.6,60.03
591,03/19/23 04:30:00 PM,131.6,60.06
592,03/19/23 04:45:00 PM,132.0,60.03
593,03/19/23 05:00:00 PM,131.6,60.01
594,03/19/23 05:15:00 PM,132.0,60.01
595,03/19/23 05:30:00 PM,131.6,59.99
596,03/19/23 05:45:00 PM,132.4,59.99
597,03/19/23 06:00:00 PM,132.4,59.97
598,03/19/23 06:15:00 PM,132.4,59.94
599,03/19/23 06:30:00 PM,132.4,59.90
600,03/19/23 06:45:00 PM,132.5,59.85
601,03/19/23 07:00:00 PM,132.5,59.77
602,03/19/23 07:15:00 PM,132.5,59.74
603,03/19/23 07:30:00 PM,131.6,59.68
604,03/19/23 07:45:00 PM,131.7,59.63
605,03/19/23 08:00:00 PM,131.7,59.58
606,03/19/23 08:15:00 PM,131.7,59.50
607,03/19/23 08:30:00 PM,131.7,59.43
608,03/19/23 08:45:00 PM,131.7,59.38
609,03/19/23 09:00:00 PM,131.7,59.27
610,03/19/23 09:15:00 PM,131.3,59.22
611,03/19/23 09:30:00 PM,131.3,59.13
612,03/19/23 09:45:00 PM,130.9,59.04
613,03/19/23 10:00:00 PM,130.9,58.93
614,03/19/23 10:15:00 PM,130.5,58.87
615,03/19/23 10:30:00 PM,130.5,58.75
616,03/19/23 10:45:00 PM,130.1,58.66
617,03/19/23 11:00:00 PM,130.1,58.55
618,03/19/23 11:15:00 PM,130.1,58.48
619,03/19/23 11:30:00 PM,129.7,58.39
620,03/19/23 11:45:00 PM,129.7,58.28
621,03/20/23 12:00:00 AM,129.7,58.19
622,03/20/23 12:15:00 AM,129.3,58.06
623,03/20/23 12:30:00 AM,129.3,57.97
624,03/20/23 12:45:00 AM,128.9,57.88
625,03/20/23 01:00:00 AM,128.1,57.72
626,03/20/23 01:15:00 AM,128.1,57.61
627,03/20/23 01:30:00 AM,128.1,57.51
628,03/20/23 01:45:00 AM,127.7,57.36
629,03/20/23 02:00:00 AM,127.3,57.22
630,03/20/23 02:15:00 AM,126.9,57.11
631,03/20/23 02:30:00 AM,127.0,56.95
632,03/20/23 02:45:00 AM,126.6,56.80
633,03/20/23 03:00:00 AM,126.2,56.68
634,03/20/23 03:15:00 AM,126.2,56.53
635,03/20/23 03:30:00 AM,125.8,56.37
636,03/20/23 03:45:00 AM,125.8,56.21
637,03/20/23 04:00:00 AM,125.0,56.07
638,03/20/23 04:15:00 AM,124.6,55.92
639,03/20/23 04:30:00 AM,124.6,55.78
640,03/20/23 04:45:00 AM,124.6,55.65
641,03/20/23 05:00:00 AM,124.2,55.51
642,03/20/23 05:15:00 AM,123.8,55.40
643,03/20/23 05:30:00 AM,123.8,55.24
644,03/20/23 05:45:00 AM,123.4,55.13
645,03/20/23 06:00:00 AM,123.4,54.99
646,03/20/23 06:15:00 AM,123.0,54.84
647,03/20/23 06:30:00 AM,123.0,54.73
648,03/20/23 06:45:00 AM,122.6,54.57
649,03/20/23 07:00:00 AM,122.6,54.46
650,03/20/23 07:15:00 AM,122.2,54.34
651,03/20/23 07:30:00 AM,121.8,54.25
652,03/20/23 07:45:00 AM,121.4,54.19
653,03/20/23 08:00:00 AM,121.4,54.12
654,03/20/23 08:15:00 AM,121.4,54.03
655,03/20/23 08:30:00 AM,121.4,53.98
656,03/20/23 08:45:00 AM,121.0,53.96
657,03/20/23 09:00:00 AM,121.4,54.00
658,03/20/23 09:15:00 AM,121.4,54.07
659,03/20/23 09:30:00 AM,121.4,54.19
660,03/20/23 09:45:00 AM,121.4,54.30
661,03/20/23 10:00:00 AM,121.8,54.46
662,03/20/23 10:15:00 AM,121.8,54.57
663,03/20/23 10:30:00 AM,122.2,54.79
664,03/20/23 10:45:00 AM,122.6,54.99
665,03/20/23 11:00:00 AM,122.6,55.17
666,03/20/23 11:15:00 AM,123.4,55.31
667,03/20/23 11:30:00 AM,123.4,55.47
668,03/20/23 11:45:00 AM,123.8,55.67
669,03/20/23 12:00:00 PM,123.8,55.87
670,03/20/23 12:15:00 PM,124.6,56.12
671,03/20/23 12:30:00 PM,124.5,56.41
672,03/20/23 12:45:00 PM,124.9,56.53
673,03/20/23 01:00:00 PM,124.9,56.61
674,03/20/23 01:15:00 PM,124.9,56.68
675,03/20/23 01:30:00 PM,124.9,56.75
676,03/20/23 01:45:00 PM,125.3,56.79
677,03/20/23 02:00:00 PM,125.7,56.91
678,03/20/23 02:15:00 PM,126.1,57.02
679,03/20/23 02:30:00 PM,126.1,57.13
680,03/20/23 02:45:00 PM,126.1,57.22
681,03/20/23 03:00:00 PM,126.5,57.31
682,03/20/23 03:15:00 PM,126.5,57.43
683,03/20/23 03:30:00 PM,126.5,57.52
684,03/20/23 03:45:00 PM,126.9,57.65
685,03/20/23 04:00:00 PM,126.9,57.78
686,03/20/23 04:15:00 PM,126.9,57.81
687,03/20/23 04:30:00 PM,127.3,57.90
688,03/20/23 04:45:00 PM,127.3,57.97
689,03/20/23 05:00:00 PM,127.3,58.03
690,03/20/23 05:15:00 PM,128.1,58.03
691,03/20/23 05:30:00 PM,128.1,58.03
692,03/20/23 05:45:00 PM,127.7,57.97
693,03/20/23 06:00:00 PM,128.1,57.90
694,03/20/23 06:15:00 PM,128.1,57.81
695,03/20/23 06:30:00 PM,127.7,57.74
696,03/20/23 06:45:00 PM,127.3,57.65
697,03/20/23 07:00:00 PM,127.3,57.60
698,03/20/23 07:15:00 PM,127.3,57.51
699,03/20/23 07:30:00 PM,127.3,57.40
700,03/20/23 07:45:00 PM,127.3,57.29
701,03/20/23 08:00:00 PM,126.9,57.18
702,03/20/23 08:15:00 PM,126.9,57.06
703,03/20/23 08:30:00 PM,127.0,56.95
704,03/20/23 08:45:00 PM,126.6,56.80
705,03/20/23 09:00:00 PM,126.6,56.68
706,03/20/23 09:15:00 PM,126.2,56.53
707,03/20/23 09:30:00 PM,126.2,56.41
708,03/20/23 09:45:00 PM,125.8,56.28
709,03/20/23 10:00:00 PM,125.8,56.12
710,03/20/23 10:15:00 PM,125.8,55.99
711,03/20/23 10:30:00 PM,125.4,55.85
712,03/20/23 10:45:00 PM,125.0,55.72
713,03/20/23 11:00:00 PM,124.6,55.58
714,03/20/23 11:15:00 PM,124.6,55.42
715,03/20/23 11:30:00 PM,124.2,55.26
716,03/20/23 11:45:00 PM,124.2,55.13
717,03/21/23 12:00:00 AM,123.8,54.99
718,03/21/23 12:15:00 AM,123.4,54.82
719,03/21/23 12:30:00 AM,123.4,54.68
720,03/21/23 12:45:00 AM,123.0,54.54
721,03/21/23 01:00:00 AM,122.6,54.39
722,03/21/23 01:15:00 AM,122.6,54.25
723,03/21/23 01:30:00 AM,122.2,54.09
724,03/21/23 01:45:00 AM,121.4,53.94
725,03/21/23 02:00:00 AM,121.5,53.80
726,03/21/23 02:15:00 AM,121.1,53.64
727,03/21/23 02:30:00 AM,121.1,53.49
728,03/21/23 02:45:00 AM,120.7,53.35
729,03/21/23 03:00:00 AM,120.7,53.22
730,03/21/23 03:15:00 AM,120.3,53.06
731,03/21/23 03:30:00 AM,120.3,52.95
732,03/21/23 03:45:00 AM,119.9,52.84
733,03/21/23 04:00:00 AM,119.9,52.72
734,03/21/23 04:15:00 AM,119.5,52.61
735,03/21/23 04:30:00 AM,119.5,52.50
736,03/21/23 04:45:00 AM,119.1,52.38
737,03/21/23 05:00:00 AM,119.1,52.29
738,03/21/23 05:15:00 AM,118.7,52.18
739,03/21/23 05:30:00 AM,118.7,52.09
740,03/21/23 05:45:00 AM,118.7,52.00
741,03/21/23 06:00:00 AM,118.3,51.87
742,03/21/23 06:15:00 AM,118.3,51.82
743,03/21/23 06:30:00 AM,117.9,51.71
744,03/21/23 06:45:00 AM,117.9,51.67
745,03/21/23 07:00:00 AM,117.9,51.60
746,03/21/23 07:15:00 AM,117.9,51.62
747,03/21/23 07:30:00 AM,117.9,51.66
748,03/21/23 07:45:00 AM,117.9,51.66
749,03/21/23 08:00:00 AM,117.9,51.69
750,03/21/23 08:15:00 AM,117.9,51.75
751,03/21/23 08:30:00 AM,117.9,51.78
752,03/21/23 08:45:00 AM,117.9,51.94
753,03/21/23 09:00:00 AM,118.3,52.09
754,03/21/23 09:15:00 AM,118.7,52.30
755,03/21/23 09:30:00 AM,119.1,52.59
756,03/21/23 09:45:00 AM,119.1,52.90
757,03/21/23 10:00:00 AM,120.3,53.22
758,03/21/23 10:15:00 AM,120.6,53.56
759,03/21/23 10:30:00 AM,121.0,53.96
760,03/21/23 10:45:00 AM,121.4,54.30
761,03/21/23 11:00:00 AM,121.8,54.54
762,03/21/23 11:15:00 AM,122.6,54.84
763,03/21/23 11:30:00 AM,122.6,55.09
764,03/21/23 11:45:00 AM,123.4,55.40
765,03/21/23 12:00:00 PM,123.8,55.65
766,03/21/23 12:15:00 PM,124.2,55.90
767,03/21/23 12:30:00 PM,124.6,56.16
768,03/21/23 12:45:00 PM,124.9,56.37
769,03/21/23 01:00:00 PM,124.9,56.59
770,03/21/23 01:15:00 PM,125.7,56.86
771,03/21/23 01:30:00 PM,126.1,57.09
772,03/21/23 01:45:00 PM,126.5,57.31
773,03/21/23 02:00:00 PM,126.9,57.60
774,03/21/23 02:15:00 PM,127.3,57.79
775,03/21/23 02:30:00 PM,128.1,57.99
776,03/21/23 02:45:00 PM,128.5,58.15
777,03/21/23 03:00:00 PM,128.5,58.32
778,03/21/23 03:15:00 PM,128.9,58.48
779,03/21/23 03:30:00 PM,128.9,58.59
780,03/21/23 03:45:00 PM,129.3,58.73
781,03/21/23 04:00:00 PM,129.3,58.84
782,03/21/23 04:15:00 PM,129.7,58.96
783,03/21/23 04:30:00 PM,129.7,59.05
784,03/21/23 04:45:00 PM,130.1,59.16
785,03/21/23 05:00:00 PM,130.0,59.25
786,03/21/23 05:15:00 PM,130.5,59.32
787,03/21/23 05:30:00 PM,130.4,59.40
788,03/21/23 05:45:00 PM,130.8,59.43
789,03/21/23 06:00:00 PM,130.8,59.49
790,03/21/23 06:15:00 PM,131.3,59.49
791,03/21/23 06:30:00 PM,131.3,59.49
792,03/21/23 06:45:00 PM,131.3,59.50
793,03/21/23 07:00:00 PM,131.3,59.50
794,03/21/23 07:15:00 PM,131.3,59.50
795,03/21/23 07:30:00 PM,131.3,59.50
796,03/21/23 07:45:00 PM,131.7,59.49
797,03/21/23 08:00:00 PM,131.3,59.49
798,03/21/23 08:15:00 PM,131.7,59.47
799,03/21/23 08:30:00 PM,131.3,59.43
800,03/21/23 08:45:00 PM,131.7,59.41
801,03/21/23 09:00:00 PM,131.3,59.41
802,03/21/23 09:15:00 PM,131.7,59.38
803,03/21/23 09:30:00 PM,131.7,59.38
804,03/21/23 09:45:00 PM,131.3,59.32
805,03/21/23 10:00:00 PM,131.3,59.31
806,03/21/23 10:15:00 PM,131.3,59.27
807,03/21/23 10:30:00 PM,131.7,59.25
808,03/21/23 10:45:00 PM,131.3,59.23
809,03/21/23 11:00:00 PM,131.3,59.23
810,03/21/23 11:15:00 PM,131.3,59.22
811,03/21/23 11:30:00 PM,131.3,59.22
812,03/21/23 11:45:00 PM,131.3,59.18
813,03/22/23 12:00:00 AM,131.7,59.18
814,03/22/23 12:15:00 AM,131.7,59.18
815,03/22/23 12:30:00 AM,131.3,59.18
816,03/22/23 12:45:00 AM,131.3,59.22
817,03/22/23 01:00:00 AM,131.3,59.22
818,03/22/23 01:15:00 AM,131.3,59.22
819,03/22/23 01:30:00 AM,131.3,59.23
820,03/22/23 01:45:00 AM,131.3,59.25
821,03/22/23 02:00:00 AM,131.3,59.27
822,03/22/23 02:15:00 AM,131.3,59.27
823,03/22/23 02:30:00 AM,131.3,59.31
824,03/22/23 02:45:00 AM,131.3,59.32
825,03/22/23 03:00:00 AM,131.3,59.34
826,03/22/23 03:15:00 AM,131.3,59.38
827,03/22/23 03:30:00 AM,131.3,59.40
828,03/22/23 03:45:00 AM,131.3,59.40
829,03/22/23 04:00:00 AM,131.3,59.41
830,03/22/23 04:15:00 AM,131.3,59.43
831,03/22/23 04:30:00 AM,131.3,59.47
832,03/22/23 04:45:00 AM,131.3,59.49
833,03/22/23 05:00:00 AM,131.3,59.49
834,03/22/23 05:15:00 AM,131.3,59.50
835,03/22/23 05:30:00 AM,131.3,59.52
836,03/22/23 05:45:00 AM,131.2,59.56
837,03/22/23 06:00:00 AM,131.2,59.58
838,03/22/23 06:15:00 AM,131.2,59.59
839,03/22/23 06:30:00 AM,131.7,59.63
840,03/22/23 06:45:00 AM,131.2,59.63
841,03/22/23 07:00:00 AM,131.6,59.67
842,03/22/23 07:15:00 AM,131.2,59.68
843,03/22/23 07:30:00 AM,131.2,59.74
844,03/22/23 07:45:00 AM,131.2,59.77
845,03/22/23 08:00:00 AM,131.6,59.83
846,03/22/23 08:15:00 AM,131.6,59.92
847,03/22/23 08:30:00 AM,131.6,59.97
848,03/22/23 08:45:00 AM,132.0,60.08
849,03/22/23 09:00:00 AM,132.0,60.26
850,03/22/23 09:15:00 AM,132.4,60.49
851,03/22/23 09:30:00 AM,132.8,60.71
852,03/22/23 09:45:00 AM,133.6,61.03
853,03/22/23 10:00:00 AM,133.6,61.36
854,03/22/23 10:15:00 AM,133.9,61.63
855,03/22/23 10:30:00 AM,134.3,61.99
856,03/22/23 10:45:00 AM,134.7,62.35
857,03/22/23 11:00:00 AM,135.1,62.64
858,03/22/23 11:15:00 AM,135.5,62.91
859,03/22/23 11:30:00 AM,136.3,63.21
860,03/22/23 11:45:00 AM,136.6,63.52
861,03/22/23 12:00:00 PM,137.4,63.90
862,03/22/23 12:15:00 PM,137.8,64.27
863,03/22/23 12:30:00 PM,139.0,64.83
864,03/22/23 12:45:00 PM,139.0,65.19
865,03/22/23 01:00:00 PM,139.8,65.37
866,03/22/23 01:15:00 PM,140.2,65.55
867,03/22/23 01:30:00 PM,140.1,65.70
868,03/22/23 01:45:00 PM,140.9,65.86
869,03/22/23 02:00:00 PM,140.5,66.02
870,03/22/23 02:15:00 PM,141.3,66.22
871,03/22/23 02:30:00 PM,141.7,66.36
872,03/22/23 02:45:00 PM,141.7,66.49
873,03/22/23 03:00:00 PM,142.1,66.60
874,03/22/23 03:15:00 PM,142.1,66.65
875,03/22/23 03:30:00 PM,142.1,66.74
876,03/22/23 03:45:00 PM,142.5,66.94
877,03/22/23 04:00:00 PM,142.5,67.05
878,03/22/23 04:15:00 PM,142.9,67.14
879,03/22/23 04:30:00 PM,142.9,67.23
880,03/22/23 04:45:00 PM,142.9,67.30
881,03/22/23 05:00:00 PM,143.3,67.37
882,03/22/23 05:15:00 PM,143.3,67.42
883,03/22/23 05:30:00 PM,143.2,67.48
884,03/22/23 05:45:00 PM,143.2,67.50
885,03/22/23 06:00:00 PM,143.2,67.53
886,03/22/23 06:15:00 PM,143.2,67.50
887,03/22/23 06:30:00 PM,143.7,67.48
888,03/22/23 06:45:00 PM,143.3,67.42
889,03/22/23 07:00:00 PM,143.3,67.39
890,03/22/23 07:15:00 PM,143.3,67.32
891,03/22/23 07:30:00 PM,143.3,67.24
892,03/22/23 07:45:00 PM,143.3,67.17
893,03/22/23 08:00:00 PM,143.3,67.12
894,03/22/23 08:15:00 PM,142.9,67.05
895,03/22/23 08:30:00 PM,143.3,66.99
896,03/22/23 08:45:00 PM,142.9,66.94
897,03/22/23 09:00:00 PM,142.5,66.88
898,03/22/23 09:15:00 PM,142.9,66.81
899,03/22/23 09:30:00 PM,142.9,66.74
900,03/22/23 09:45:00 PM,142.5,66.69
901,03/22/23 10:00:00 PM,142.5,66.63
902,03/22/23 10:15:00 PM,142.1,66.56
903,03/22/23 10:30:00 PM,142.1,66.49
904,03/22/23 10:45:00 PM,141.7,66.43
905,03/22/23 11:00:00 PM,142.1,66.36
906,03/22/23 11:15:00 PM,141.7,66.31
907,03/22/23 11:30:00 PM,141.7,66.24
908,03/22/23 11:45:00 PM,141.7,66.18
909,03/23/23 12:00:00 AM,141.3,66.11
910,03/23/23 12:15:00 AM,140.9,66.04
911,03/23/23 12:30:00 AM,141.3,65.97
912,03/23/23 12:45:00 AM,140.9,65.86
913,03/23/23 01:00:00 AM,140.9,65.77
914,03/23/23 01:15:00 AM,141.0,65.68
915,03/23/23 01:30:00 AM,140.2,65.55
916,03/23/23 01:45:00 AM,140.2,65.46
917,03/23/23 02:00:00 AM,140.2,65.37
918,03/23/23 02:15:00 AM,139.8,65.26
919,03/23/23 02:30:00 AM,139.8,65.16
920,03/23/23 02:45:00 AM,139.4,65.05
921,03/23/23 03:00:00 AM,139.0,64.94
922,03/23/23 03:15:00 AM,139.0,64.87
923,03/23/23 03:30:00 AM,139.0,64.76
924,03/23/23 03:45:00 AM,139.0,64.69
925,03/23/23 04:00:00 AM,138.6,64.62
926,03/23/23 04:15:00 AM,138.2,64.53
927,03/23/23 04:30:00 AM,137.8,64.44
928,03/23/23 04:45:00 AM,137.8,64.35
929,03/23/23 05:00:00 AM,137.8,64.26
930,03/23/23 05:15:00 AM,137.8,64.17
931,03/23/23 05:30:00 AM,137.4,64.08
932,03/23/23 05:45:00 AM,137.4,63.99
933,03/23/23 06:00:00 AM,137.0,63.90
934,03/23/23 06:15:00 AM,136.6,63.77
935,03/23/23 06:30:00 AM,136.6,63.68
936,03/23/23 06:45:00 AM,136.6,63.63
937,03/23/23 07:00:00 AM,136.2,63.52
938,03/23/23 07:15:00 AM,136.2,63.46
939,03/23/23 07:30:00 AM,135.8,63.41
940,03/23/23 07:45:00 AM,135.8,63.41
941,03/23/23 08:00:00 AM,135.4,63.43
942,03/23/23 08:15:00 AM,135.8,63.46
943,03/23/23 08:30:00 AM,135.8,63.52
944,03/23/23 08:45:00 AM,135.8,63.59
945,03/23/23 09:00:00 AM,136.2,63.72
946,03/23/23 09:15:00 AM,136.2,63.90
947,03/23/23 09:30:00 AM,136.6,64.15
948,03/23/23 09:45:00 AM,136.6,64.42
949,03/23/23 10:00:00 AM,137.0,64.76
950,03/23/23 10:15:00 AM,137.3,65.10
951,03/23/23 10:30:00 AM,138.5,65.44
952,03/23/23 10:45:00 AM,138.5,65.71
953,03/23/23 11:00:00 AM,138.9,65.93
954,03/23/23 11:15:00 AM,139.3,66.11
955,03/23/23 11:30:00 AM,139.3,66.38
956,03/23/23 11:45:00 AM,140.1,66.65
957,03/23/23 12:00:00 PM,140.8,66.96
958,03/23/23 12:15:00 PM,140.8,67.21
959,03/23/23 12:30:00 PM,141.6,67.77
960,03/23/23 12:45:00 PM,142.8,68.23
961,03/23/23 01:00:00 PM,142.8,68.43
962,03/23/23 01:15:00 PM,143.6,68.65
963,03/23/23 01:30:00 PM,143.5,68.77
964,03/23/23 01:45:00 PM,143.5,68.90
965,03/23/23 02:00:00 PM,143.9,68.95
966,03/23/23 02:15:00 PM,143.9,69.03
967,03/23/23 02:30:00 PM,144.3,69.19
968,03/23/23 02:45:00 PM,144.3,69.33
969,03/23/23 03:00:00 PM,144.7,69.46
970,03/23/23 03:15:00 PM,145.1,69.60
971,03/23/23 03:30:00 PM,145.1,69.80
972,03/23/23 03:45:00 PM,145.9,69.94
973,03/23/23 04:00:00 PM,146.3,70.09
974,03/23/23 04:15:00 PM,146.3,70.14
975,03/23/23 04:30:00 PM,145.9,70.21
976,03/23/23 04:45:00 PM,146.3,70.29
977,03/23/23 05:00:00 PM,146.3,70.36
978,03/23/23 05:15:00 PM,146.7,70.45
979,03/23/23 05:30:00 PM,146.6,70.54
980,03/23/23 05:45:00 PM,146.6,70.63
981,03/23/23 06:00:00 PM,146.6,70.68
982,03/23/23 06:15:00 PM,146.6,70.72
983,03/23/23 06:30:00 PM,146.6,70.70
984,03/23/23 06:45:00 PM,146.6,70.65
985,03/23/23 07:00:00 PM,146.2,70.59
986,03/23/23 07:15:00 PM,146.2,70.48
987,03/23/23 07:30:00 PM,145.8,70.36
988,03/23/23 07:45:00 PM,145.9,70.21
989,03/23/23 08:00:00 PM,145.9,70.05
990,03/23/23 08:15:00 PM,145.1,69.93
991,03/23/23 08:30:00 PM,144.7,69.76
992,03/23/23 08:45:00 PM,144.7,69.66
993,03/23/23 09:00:00 PM,144.3,69.53
994,03/23/23 09:15:00 PM,143.9,69.42
995,03/23/23 09:30:00 PM,143.9,69.26
996,03/23/23 09:45:00 PM,143.9,69.15
997,03/23/23 10:00:00 PM,143.5,69.01
998,03/23/23 10:15:00 PM,142.7,68.86
999,03/23/23 10:30:00 PM,142.7,68.77
1000,03/23/23 10:45:00 PM,142.7,68.67
1001,03/23/23 11:00:00 PM,142.7,68.58
1002,03/23/23 11:15:00 PM,142.3,68.47
1003,03/23/23 11:30:00 PM,142.8,68.34
1004,03/23/23 11:45:00 PM,141.6,68.25
1005,03/24/23 12:00:00 AM,141.6,68.14
1006,03/24/23 12:15:00 AM,141.6,68.02
1007,03/24/23 12:30:00 AM,141.6,67.89
1008,03/24/23 12:45:00 AM,141.2,67.77
1009,03/24/23 01:00:00 AM,140.8,67.64
1010,03/24/23 01:15:00 AM,140.4,67.57
1011,03/24/23 01:30:00 AM,140.8,67.48
1012,03/24/23 01:45:00 AM,140.4,67.39
1013,03/24/23 02:00:00 AM,139.6,67.30
1014,03/24/23 02:15:00 AM,139.6,67.23
1015,03/24/23 02:30:00 AM,139.2,67.12
1016,03/24/23 02:45:00 AM,139.2,67.03
1017,03/24/23 03:00:00 AM,139.2,66.94
1018,03/24/23 03:15:00 AM,138.8,66.81
1019,03/24/23 03:30:00 AM,138.8,66.72
1020,03/24/23 03:45:00 AM,138.4,66.60
1021,03/24/23 04:00:00 AM,138.0,66.47
1022,03/24/23 04:15:00 AM,138.1,66.34
1023,03/24/23 04:30:00 AM,137.7,66.22
1024,03/24/23 04:45:00 AM,137.3,66.13
1025,03/24/23 05:00:00 AM,137.3,66.00
1026,03/24/23 05:15:00 AM,136.5,65.88
1027,03/24/23 05:30:00 AM,136.9,65.79
1028,03/24/23 05:45:00 AM,136.5,65.64
1029,03/24/23 06:00:00 AM,135.7,65.53
1030,03/24/23 06:15:00 AM,135.3,65.43
1031,03/24/23 06:30:00 AM,135.3,65.30
1032,03/24/23 06:45:00 AM,135.3,65.19
1033,03/24/23 07:00:00 AM,134.9,65.10
1034,03/24/23 07:15:00 AM,134.5,65.05
1035,03/24/23 07:30:00 AM,134.5,65.03
1036,03/24/23 07:45:00 AM,134.1,65.05
1037,03/24/23 08:00:00 AM,134.5,65.08
1038,03/24/23 08:15:00 AM,134.5,65.12
1039,03/24/23 08:30:00 AM,134.1,65.17
1040,03/24/23 08:45:00 AM,134.5,65.26
1041,03/24/23 09:00:00 AM,134.5,65.37
1042,03/24/23 09:15:00 AM,135.3,65.59
1043,03/24/23 09:30:00 AM,135.2,65.79
1044,03/24/23 09:45:00 AM,135.2,66.20
1045,03/24/23 10:00:00 AM,136.0,66.56
1046,03/24/23 10:15:00 AM,136.4,66.94
1047,03/24/23 10:30:00 AM,136.8,67.24
1048,03/24/23 10:45:00 AM,137.1,67.55
1049,03/24/23 11:00:00 AM,137.1,67.71
1050,03/24/23 11:15:00 AM,137.5,67.87
1051,03/24/23 11:30:00 AM,138.3,68.13
1052,03/24/23 11:45:00 AM,138.7,68.40
1053,03/24/23 12:00:00 PM,138.7,68.59
1054,03/24/23 12:15:00 PM,139.5,68.85
1055,03/24/23 12:30:00 PM,139.8,69.44
1056,03/24/23 12:45:00 PM,140.6,69.87
1057,03/24/23 01:00:00 PM,141.4,70.18
1058,03/24/23 01:15:00 PM,141.8,70.36
1059,03/24/23 01:30:00 PM,142.2,70.56
1060,03/24/23 01:45:00 PM,142.2,70.68
1061,03/24/23 02:00:00 PM,142.6,70.72
1062,03/24/23 02:15:00 PM,143.0,70.81
1063,03/24/23 02:30:00 PM,142.5,70.93
1064,03/24/23 02:45:00 PM,143.3,71.08
1065,03/24/23 03:00:00 PM,143.7,71.20
1066,03/24/23 03:15:00 PM,144.1,71.37
1067,03/24/23 03:30:00 PM,144.1,71.49
1068,03/24/23 03:45:00 PM,144.1,71.58
1069,03/24/23 04:00:00 PM,144.5,71.71
1070,03/24/23 04:15:00 PM,144.5,71.80
1071,03/24/23 04:30:00 PM,144.9,71.83
1072,03/24/23 04:45:00 PM,144.9,71.89
1073,03/24/23 05:00:00 PM,144.9,71.92
1074,03/24/23 05:15:00 PM,144.9,71.96
1075,03/24/23 05:30:00 PM,145.3,72.00
1076,03/24/23 05:45:00 PM,145.3,72.05
1077,03/24/23 06:00:00 PM,145.3,72.07
1078,03/24/23 06:15:00 PM,145.3,72.05
1079,03/24/23 06:30:00 PM,144.9,72.01
1080,03/24/23 06:45:00 PM,145.3,71.96
1081,03/24/23 07:00:00 PM,144.9,71.89
1082,03/24/23 07:15:00 PM,144.5,71.80
1083,03/24/23 07:30:00 PM,144.5,71.71
1084,03/24/23 07:45:00 PM,144.5,71.62
1085,03/24/23 08:00:00 PM,144.1,71.49
1086,03/24/23 08:15:00 PM,144.1,71.33
1087,03/24/23 08:30:00 PM,144.2,71.15
1088,03/24/23 08:45:00 PM,143.4,70.99
1089,03/24/23 09:00:00 PM,143.4,70.84
1090,03/24/23 09:15:00 PM,143.4,70.70
1091,03/24/23 09:30:00 PM,142.6,70.54
1092,03/24/23 09:45:00 PM,142.6,70.38
1093,03/24/23 10:00:00 PM,142.2,70.25
1094,03/24/23 10:15:00 PM,142.2,70.11
1095,03/24/23 10:30:00 PM,141.8,69.96
1096,03/24/23 10:45:00 PM,141.4,69.84
1097,03/24/23 11:00:00 PM,141.4,69.71
1098,03/24/23 11:15:00 PM,141.0,69.58
1099,03/24/23 11:30:00 PM,140.6,69.46
1100,03/24/23 11:45:00 PM,140.7,69.33
1101,03/25/23 12:00:00 AM,140.7,69.19
1102,03/25/23 12:15:00 AM,139.9,69.08
1103,03/25/23 12:30:00 AM,139.9,68.92
1104,03/25/23 12:45:00 AM,139.5,68.81
1105,03/25/23 01:00:00 AM,139.5,68.65
1106,03/25/23 01:15:00 AM,138.7,68.52
1107,03/25/23 01:30:00 AM,138.7,68.40
1108,03/25/23 01:45:00 AM,138.7,68.27
1109,03/25/23 02:00:00 AM,138.3,68.22
1110,03/25/23 02:15:00 AM,137.9,68.16
1111,03/25/23 02:30:00 AM,137.9,68.09
1112,03/25/23 02:45:00 AM,137.5,68.05
1113,03/25/23 03:00:00 AM,137.5,68.00
1114,03/25/23 03:15:00 AM,137.5,67.96
1115,03/25/23 03:30:00 AM,137.1,67.91
1116,03/25/23 03:45:00 AM,137.1,67.87
1117,03/25/23 04:00:00 AM,137.1,67.84
1118,03/25/23 04:15:00 AM,137.1,67.80
1119,03/25/23 04:30:00 AM,137.1,67.77
1120,03/25/23 04:45:00 AM,137.1,67.75
1121,03/25/23 05:00:00 AM,136.7,67.73
1122,03/25/23 05:15:00 AM,136.7,67.71
1123,03/25/23 05:30:00 AM,136.7,67.71
1124,03/25/23 05:45:00 AM,136.7,67.71
1125,03/25/23 06:00:00 AM,136.3,67.66
1126,03/25/23 06:15:00 AM,136.7,67.66
1127,03/25/23 06:30:00 AM,136.3,67.64
1128,03/25/23 06:45:00 AM,136.3,67.62
1129,03/25/23 07:00:00 AM,136.3,67.62
1130,03/25/23 07:15:00 AM,136.3,67.64
1131,03/25/23 07:30:00 AM,135.9,67.64
1132,03/25/23 07:45:00 AM,135.9,67.66
1133,03/25/23 08:00:00 AM,135.9,67.71
1134,03/25/23 08:15:00 AM,136.3,67.75
1135,03/25/23 08:30:00 AM,136.3,67.80
1136,03/25/23 08:45:00 AM,136.3,67.84
1137,03/25/23 09:00:00 AM,136.3,68.02
1138,03/25/23 09:15:00 AM,136.7,68.09
1139,03/25/23 09:30:00 AM,136.7,68.40
1140,03/25/23 09:45:00 AM,137.0,68.68
1141,03/25/23 10:00:00 AM,137.4,68.95
1142,03/25/23 10:15:00 AM,138.2,69.21
1143,03/25/23 10:30:00 AM,138.6,69.37
1144,03/25/23 10:45:00 AM,139.0,69.49
1145,03/25/23 11:00:00 AM,139.4,69.78
1146,03/25/23 11:15:00 AM,139.0,69.94
1147,03/25/23 11:30:00 AM,139.4,70.14
1148,03/25/23 11:45:00 AM,139.8,70.36
1149,03/25/23 12:00:00 PM,139.7,70.52
1150,03/25/23 12:15:00 PM,140.1,70.70
1151,03/25/23 12:30:00 PM,140.5,70.86
1152,03/25/23 12:45:00 PM,140.9,71.15
1153,03/25/23 01:00:00 PM,140.5,71.31
1154,03/25/23 01:15:00 PM,141.7,71.58
1155,03/25/23 01:30:00 PM,142.1,71.80
1156,03/25/23 01:45:00 PM,142.1,71.96
1157,03/25/23 02:00:00 PM,142.4,72.14
1158,03/25/23 02:15:00 PM,142.8,72.37
1159,03/25/23 02:30:00 PM,142.8,72.46
1160,03/25/23 02:45:00 PM,142.8,72.68
1161,03/25/23 03:00:00 PM,144.0,72.84
1162,03/25/23 03:15:00 PM,143.2,72.91
1163,03/25/23 03:30:00 PM,143.6,72.97
1164,03/25/23 03:45:00 PM,144.0,73.17
1165,03/25/23 04:00:00 PM,144.4,73.26
1166,03/25/23 04:15:00 PM,144.0,73.31
1167,03/25/23 04:30:00 PM,144.4,73.33
1168,03/25/23 04:45:00 PM,144.0,73.36
1169,03/25/23 05:00:00 PM,144.4,73.36
1170,03/25/23 05:15:00 PM,144.4,73.42
1171,03/25/23 05:30:00 PM,143.6,73.44
1172,03/25/23 05:45:00 PM,144.4,73.45
1173,03/25/23 06:00:00 PM,144.4,73.49
1174,03/25/23 06:15:00 PM,144.4,73.49
1175,03/25/23 06:30:00 PM,144.4,73.49
1176,03/25/23 06:45:00 PM,144.0,73.45
1177,03/25/23 07:00:00 PM,144.0,73.44
1178,03/25/23 07:15:00 PM,144.0,73.36
1179,03/25/23 07:30:00 PM,144.0,73.35
1180,03/25/23 07:45:00 PM,144.0,73.27
1181,03/25/23 08:00:00 PM,143.6,73.18
1182,03/25/23 08:15:00 PM,143.2,73.11
1183,03/25/23 08:30:00 PM,142.8,73.06
1184,03/25/23 08:45:00 PM,142.8,72.99
1185,03/25/23 09:00:00 PM,142.8,72.90
1186,03/25/23 09:15:00 PM,142.4,72.82
1187,03/25/23 09:30:00 PM,142.4,72.75
1188,03/25/23 09:45:00 PM,142.0,72.66
1189,03/25/23 10:00:00 PM,142.0,72.59
1190,03/25/23 10:15:00 PM,142.0,72.50
1191,03/25/23 10:30:00 PM,141.6,72.41
1192,03/25/23 10:45:00 PM,141.6,72.32
1193,03/25/23 11:00:00 PM,141.6,72.25
1194,03/25/23 11:15:00 PM,141.2,72.18
1195,03/25/23 11:30:00 PM,141.2,72.12
1196,03/25/23 11:45:00 PM,140.8,72.05
1197,03/26/23 12:00:00 AM,140.4,72.01
1198,03/26/23 12:15:00 AM,140.4,71.96
1199,03/26/23 12:30:00 AM,140.4,71.91
1200,03/26/23 12:45:00 AM,140.4,71.87
1201,03/26/23 01:00:00 AM,140.4,71.82
1202,03/26/23 01:15:00 AM,140.4,71.78
1203,03/26/23 01:30:00 AM,140.0,71.73
1204,03/26/23 01:45:00 AM,139.6,71.67
1205,03/26/23 02:00:00 AM,139.6,71.64
1206,03/26/23 02:15:00 AM,139.6,71.58
1207,03/26/23 02:30:00 AM,139.7,71.56
1208,03/26/23 02:45:00 AM,139.2,71.53
1209,03/26/23 03:00:00 AM,139.3,71.47
1210,03/26/23 03:15:00 AM,139.3,71.42
1211,03/26/23 03:30:00 AM,139.3,71.38
1212,03/26/23 03:45:00 AM,139.3,71.33
1213,03/26/23 04:00:00 AM,138.9,71.29
1214,03/26/23 04:15:00 AM,138.5,71.24
1215,03/26/23 04:30:00 AM,138.5,71.22
1216,03/26/23 04:45:00 AM,138.5,71.19
1217,03/26/23 05:00:00 AM,138.5,71.13
1218,03/26/23 05:15:00 AM,138.9,71.08
1219,03/26/23 05:30:00 AM,138.9,71.04
1220,03/26/23 05:45:00 AM,138.5,70.99
1221,03/26/23 06:00:00 AM,138.1,70.97
1222,03/26/23 06:15:00 AM,138.5,70.93
1223,03/26/23 06:30:00 AM,137.7,70.88
1224,03/26/23 06:45:00 AM,137.7,70.84
1225,03/26/23 07:00:00 AM,137.3,70.81
1226,03/26/23 07:15:00 AM,137.3,70.79
1227,03/26/23 07:30:00 AM,137.3,70.74
1228,03/26/23 07:45:00 AM,136.9,70.74
1229,03/26/23 08:00:00 AM,136.9,70.72
1230,03/26/23 08:15:00 AM,137.3,70.74
1231,03/26/23 08:30:00 AM,136.9,70.74
1232,03/26/23 08:45:00 AM,136.9,70.81
1233,03/26/23 09:00:00 AM,136.9,70.84
1234,03/26/23 09:15:00 AM,136.9,71.04
1235,03/26/23 09:30:00 AM,137.3,71.11
1236,03/26/23 09:45:00 AM,137.2,71.22
1237,03/26/23 10:00:00 AM,137.2,71.38
1238,03/26/23 10:15:00 AM,137.6,71.80
1239,03/26/23 10:30:00 AM,138.4,72.07
1240,03/26/23 10:45:00 AM,138.8,72.39
1241,03/26/23 11:00:00 AM,139.2,72.50
1242,03/26/23 11:15:00 AM,139.2,72.64
1243,03/26/23 11:30:00 AM,138.3,72.82
1244,03/26/23 11:45:00 AM,139.5,73.00
1245,03/26/23 12:00:00 PM,139.5,73.11
1246,03/26/23 12:15:00 PM,139.9,73.26
1247,03/26/23 12:30:00 PM,140.3,73.67
1248,03/26/23 12:45:00 PM,144.3,74.03
1249,03/26/23 01:00:00 PM,141.5,74.26
1250,03/26/23 01:15:00 PM,143.5,74.53
1251,03/26/23 01:30:00 PM,144.2,74.77
1252,03/26/23 01:45:00 PM,142.6,74.89
1253,03/26/23 02:00:00 PM,142.6,74.93
1254,03/26/23 02:15:00 PM,143.8,74.97
1255,03/26/23 02:30:00 PM,143.4,75.04
1256,03/26/23 02:45:00 PM,143.0,75.04
1257,03/26/23 03:00:00 PM,142.6,75.09
1258,03/26/23 03:15:00 PM,142.2,75.06
1259,03/26/23 03:30:00 PM,142.6,75.06
1260,03/26/23 03:45:00 PM,142.2,75.04
1261,03/26/23 04:00:00 PM,142.6,75.06
1262,03/26/23 04:15:00 PM,142.2,75.11
1263,03/26/23 04:30:00 PM,142.2,75.09
1264,03/26/23 04:45:00 PM,143.8,75.09
1265,03/26/23 05:00:00 PM,143.4,75.02
1266,03/26/23 05:15:00 PM,142.6,74.95
1267,03/26/23 05:30:00 PM,141.8,74.89
1268,03/26/23 05:45:00 PM,141.8,74.86
1269,03/26/23 06:00:00 PM,144.2,74.79
1270,03/26/23 06:15:00 PM,141.8,74.73
1271,03/26/23 06:30:00 PM,141.8,74.70
1272,03/26/23 06:45:00 PM,142.2,74.62
1273,03/26/23 07:00:00 PM,141.4,74.55
1274,03/26/23 07:15:00 PM,142.2,74.46
1275,03/26/23 07:30:00 PM,140.6,74.37
1276,03/26/23 07:45:00 PM,142.3,74.25
1277,03/26/23 08:00:00 PM,140.3,74.10
1278,03/26/23 08:15:00 PM,140.3,73.99
1279,03/26/23 08:30:00 PM,139.9,73.85
1280,03/26/23 08:45:00 PM,139.9,73.74
1281,03/26/23 09:00:00 PM,139.5,73.56
1282,03/26/23 09:15:00 PM,139.1,73.44
1283,03/26/23 09:30:00 PM,138.7,73.31
1284,03/26/23 09:45:00 PM,139.1,73.18
1285,03/26/23 10:00:00 PM,138.3,73.08
1286,03/26/23 10:15:00 PM,138.3,72.97
1287,03/26/23 10:30:00 PM,138.3,72.84
1288,03/26/23 10:45:00 PM,138.3,72.73
1289,03/26/23 11:00:00 PM,138.3,72.59
1290,03/26/23 11:15:00 PM,137.1,72.50
1291,03/26/23 11:30:00 PM,137.2,72.37
1292,03/26/23 11:45:00 PM,137.2,72.23
1293,03/27/23 12:00:00 AM,136.8,72.12
1294,03/27/23 12:15:00 AM,136.4,71.98
1295,03/27/23 12:30:00 AM,139.2,71.83
1296,03/27/23 12:45:00 AM,136.0,71.71
1297,03/27/23 01:00:00 AM,136.4,71.58
1298,03/27/23 01:15:00 AM,135.2,71.47
1299,03/27/23 01:30:00 AM,136.0,71.33
1300,03/27/23 01:45:00 AM,134.8,71.22
1301,03/27/23 02:00:00 AM,134.4,71.08
1302,03/27/23 02:15:00 AM,134.4,70.97
1303,03/27/23 02:30:00 AM,134.0,70.88
1304,03/27/23 02:45:00 AM,134.0,70.77
1305,03/27/23 03:00:00 AM,134.0,70.68
1306,03/27/23 03:15:00 AM,134.0,70.61
1307,03/27/23 03:30:00 AM,134.1,70.54
1308,03/27/23 03:45:00 AM,133.2,70.47
1309,03/27/23 04:00:00 AM,134.5,70.39
1310,03/27/23 04:15:00 AM,132.8,70.36
1311,03/27/23 04:30:00 AM,132.9,70.30
1312,03/27/23 04:45:00 AM,132.9,70.27
1313,03/27/23 05:00:00 AM,134.1,70.25
1314,03/27/23 05:15:00 AM,132.9,70.20
1315,03/27/23 05:30:00 AM,132.0,70.18
1316,03/27/23 05:45:00 AM,131.6,70.14
1317,03/27/23 06:00:00 AM,132.9,70.12
1318,03/27/23 06:15:00 AM,131.6,70.11
1319,03/27/23 06:30:00 AM,131.7,70.05
1320,03/27/23 06:45:00 AM,131.7,70.03
1321,03/27/23 07:00:00 AM,131.2,70.03
1322,03/27/23 07:15:00 AM,131.7,70.03
1323,03/27/23 07:30:00 AM,130.8,70.03
1324,03/27/23 07:45:00 AM,130.8,70.03
1325,03/27/23 08:00:00 AM,133.3,70.05
1326,03/27/23 08:15:00 AM,130.8,70.05
1327,03/27/23 08:30:00 AM,130.4,70.11
1328,03/27/23 08:45:00 AM,130.8,70.25
1329,03/27/23 09:00:00 AM,130.8,70.30
1330,03/27/23 09:15:00 AM,134.5,70.45
1331,03/27/23 09:30:00 AM,130.8,70.59
1332,03/27/23 09:45:00 AM,133.2,70.74
1333,03/27/23 10:00:00 AM,132.0,71.02
1334,03/27/23 10:15:00 AM,131.6,71.22
1335,03/27/23 10:30:00 AM,132.3,71.65
1336,03/27/23 10:45:00 AM,132.7,72.01
1337,03/27/23 11:00:00 AM,133.1,72.12
1338,03/27/23 11:15:00 AM,133.1,72.32
1339,03/27/23 11:30:00 AM,134.7,72.52
1340,03/27/23 11:45:00 AM,134.3,72.73
1341,03/27/23 12:00:00 PM,134.7,72.90
1342,03/27/23 12:15:00 PM,133.9,72.99
1343,03/27/23 12:30:00 PM,134.2,73.20
1344,03/27/23 12:45:00 PM,136.2,73.58
1345,03/27/23 01:00:00 PM,135.4,73.78
1346,03/27/23 01:15:00 PM,136.2,73.96
1347,03/27/23 01:30:00 PM,141.9,74.14
1348,03/27/23 01:45:00 PM,135.8,74.25
1349,03/27/23 02:00:00 PM,136.2,74.43
1350,03/27/23 02:15:00 PM,136.2,74.52
1351,03/27/23 02:30:00 PM,136.2,74.59
1352,03/27/23 02:45:00 PM,137.0,74.68
1353,03/27/23 03:00:00 PM,136.1,74.77
1354,03/27/23 03:15:00 PM,137.0,74.79
1355,03/27/23 03:30:00 PM,136.9,74.86
1356,03/27/23 03:45:00 PM,136.9,74.93
1357,03/27/23 04:00:00 PM,136.9,74.89
1358,03/27/23 04:15:00 PM,136.9,74.97
1359,03/27/23 04:30:00 PM,136.9,74.93
1360,03/27/23 04:45:00 PM,136.9,74.93
1361,03/27/23 05:00:00 PM,136.9,74.89
1362,03/27/23 05:15:00 PM,136.9,74.86
1363,03/27/23 05:30:00 PM,137.0,74.79
1364,03/27/23 05:45:00 PM,137.0,74.71
1365,03/27/23 06:00:00 PM,136.6,74.68
1366,03/27/23 06:15:00 PM,136.6,74.62
1367,03/27/23 06:30:00 PM,136.6,74.59
1368,03/27/23 06:45:00 PM,136.2,74.53
1369,03/27/23 07:00:00 PM,137.0,74.44
1370,03/27/23 07:15:00 PM,136.2,74.37
1371,03/27/23 07:30:00 PM,136.2,74.25
1372,03/27/23 07:45:00 PM,136.2,74.10
1373,03/27/23 08:00:00 PM,136.2,74.01
1374,03/27/23 08:15:00 PM,135.4,73.87
1375,03/27/23 08:30:00 PM,135.4,73.74
1376,03/27/23 08:45:00 PM,135.0,73.60
1377,03/27/23 09:00:00 PM,135.0,73.44
1378,03/27/23 09:15:00 PM,135.0,73.31
1379,03/27/23 09:30:00 PM,134.2,73.15
1380,03/27/23 09:45:00 PM,134.3,73.00
1381,03/27/23 10:00:00 PM,133.9,72.90
1382,03/27/23 10:15:00 PM,133.9,72.75
1383,03/27/23 10:30:00 PM,133.9,72.64
1384,03/27/23 10:45:00 PM,133.1,72.52
1385,03/27/23 11:00:00 PM,133.1,72.39
1386,03/27/23 11:15:00 PM,132.7,72.27
1387,03/27/23 11:30:00 PM,132.7,72.18
1388,03/27/23 11:45:00 PM,132.3,72.07
1389,03/28/23 12:00:00 AM,132.3,71.96
1390,03/28/23 12:15:00 AM,131.9,71.87
1391,03/28/23 12:30:00 AM,131.9,71.78
1392,03/28/23 12:45:00 AM,131.9,71.67
1393,03/28/23 01:00:00 AM,131.9,71.58
1394,03/28/23 01:15:00 AM,134.0,71.55
1395,03/28/23 01:30:00 AM,131.5,71.47
1396,03/28/23 01:45:00 AM,131.5,71.42
1397,03/28/23 02:00:00 AM,131.5,71.38
1398,03/28/23 02:15:00 AM,131.1,71.33
1399,03/28/23 02:30:00 AM,130.7,71.29
1400,03/28/23 02:45:00 AM,130.7,71.28
1401,03/28/23 03:00:00 AM,131.2,71.22
1402,03/28/23 03:15:00 AM,130.8,71.19
1403,03/28/23 03:30:00 AM,130.8,71.15
1404,03/28/23 03:45:00 AM,132.8,71.11
1405,03/28/23 04:00:00 AM,130.4,71.08
1406,03/28/23 04:15:00 AM,130.8,71.04
1407,03/28/23 04:30:00 AM,130.0,71.02
1408,03/28/23 04:45:00 AM,130.8,70.99
1409,03/28/23 05:00:00 AM,130.8,70.99
1410,03/28/23 05:15:00 AM,132.0,70.97
1411,03/28/23 05:30:00 AM,131.2,70.95
1412,03/28/23 05:45:00 AM,130.0,70.95
1413,03/28/23 06:00:00 AM,129.6,70.93
1414,03/28/23 06:15:00 AM,129.6,70.90
1415,03/28/23 06:30:00 AM,129.6,70.88
1416,03/28/23 06:45:00 AM,129.6,70.88
1417,03/28/23 07:00:00 AM,129.6,70.88
1418,03/28/23 07:15:00 AM,129.6,70.88
1419,03/28/23 07:30:00 AM,129.6,70.88
1420,03/28/23 07:45:00 AM,129.6,70.88
1421,03/28/23 08:00:00 AM,130.8,70.90
1422,03/28/23 08:15:00 AM,129.6,70.90
1423,03/28/23 08:30:00 AM,129.1,70.95
1424,03/28/23 08:45:00 AM,129.1,71.02
1425,03/28/23 09:00:00 AM,129.1,71.08
1426,03/28/23 09:15:00 AM,128.7,71.15
1427,03/28/23 09:30:00 AM,128.7,71.20
1428,03/28/23 09:45:00 AM,128.7,71.29
1429,03/28/23 10:00:00 AM,129.1,71.42
1430,03/28/23 10:15:00 AM,129.5,71.49
1431,03/28/23 10:30:00 AM,129.5,71.64
1432,03/28/23 10:45:00 AM,129.5,71.73
1433,03/28/23 11:00:00 AM,129.5,71.89
1434,03/28/23 11:15:00 AM,131.9,71.98
1435,03/28/23 11:30:00 AM,131.9,72.16
1436,03/28/23 11:45:00 AM,132.3,72.37
1437,03/28/23 12:00:00 PM,132.3,72.52
1438,03/28/23 12:15:00 PM,132.7,72.68
1439,03/28/23 12:30:00 PM,133.5,72.86
1440,03/28/23 12:45:00 PM,133.0,73.09
1441,03/28/23 01:00:00 PM,133.4,73.33
1442,03/28/23 01:15:00 PM,133.8,73.51
1443,03/28/23 01:30:00 PM,134.2,73.71
1444,03/28/23 01:45:00 PM,134.2,73.85
1445,03/28/23 02:00:00 PM,134.6,73.99
1446,03/28/23 02:15:00 PM,134.6,74.12
1447,03/28/23 02:30:00 PM,135.0,74.21
1448,03/28/23 02:45:00 PM,135.0,74.26
1449,03/28/23 03:00:00 PM,135.0,74.30
1450,03/28/23 03:15:00 PM,135.0,74.30
1451,03/28/23 03:30:00 PM,135.0,74.34
1452,03/28/23 03:45:00 PM,135.0,74.30
1453,03/28/23 04:00:00 PM,135.0,74.28
1454,03/28/23 04:15:00 PM,134.6,74.21
1455,03/28/23 04:30:00 PM,134.6,74.14
1456,03/28/23 04:45:00 PM,134.6,74.10
1457,03/28/23 05:00:00 PM,134.6,73.99
1458,03/28/23 05:15:00 PM,134.2,73.92
1459,03/28/23 05:30:00 PM,134.2,73.78
1460,03/28/23 05:45:00 PM,133.8,73.60
1461,03/28/23 06:00:00 PM,133.4,73.31
1462,03/28/23 06:15:00 PM,133.0,73.09
1463,03/28/23 06:30:00 PM,133.5,72.90
1464,03/28/23 06:45:00 PM,133.5,72.72
1465,03/28/23 07:00:00 PM,132.7,72.50
1466,03/28/23 07:15:00 PM,132.3,72.34
1467,03/28/23 07:30:00 PM,132.7,72.18
1468,03/28/23 07:45:00 PM,132.3,72.05
1469,03/28/23 08:00:00 PM,132.3,71.91
1470,03/28/23 08:15:00 PM,131.5,71.78
1471,03/28/23 08:30:00 PM,131.1,71.65
1472,03/28/23 08:45:00 PM,131.1,71.56
1473,03/28/23 09:00:00 PM,130.3,71.47
1474,03/28/23 09:15:00 PM,130.3,71.38
1475,03/28/23 09:30:00 PM,129.9,71.29
1476,03/28/23 09:45:00 PM,129.9,71.20
1477,03/28/23 10:00:00 PM,129.5,71.11
1478,03/28/23 10:15:00 PM,129.5,71.02
1479,03/28/23 10:30:00 PM,129.1,70.95
1480,03/28/23 10:45:00 PM,129.2,70.86
1481,03/28/23 11:00:00 PM,128.8,70.77
1482,03/28/23 11:15:00 PM,128.8,70.68
1483,03/28/23 11:30:00 PM,129.6,70.59
1484,03/28/23 11:45:00 PM,129.2,70.52
1485,03/29/23 12:00:00 AM,128.8,70.43
1486,03/29/23 12:15:00 AM,129.6,70.34
1487,03/29/23 12:30:00 AM,130.8,70.25
1488,03/29/23 12:45:00 AM,128.8,70.14
1489,03/29/23 01:00:00 AM,128.8,70.09
1490,03/29/23 01:15:00 AM,128.8,70.00
1491,03/29/23 01:30:00 AM,128.8,69.89
1492,03/29/23 01:45:00 AM,128.8,69.84
1493,03/29/23 02:00:00 AM,128.0,69.75
1494,03/29/23 02:15:00 AM,128.0,69.67
1495,03/29/23 02:30:00 AM,127.6,69.58
1496,03/29/23 02:45:00 AM,127.6,69.49
1497,03/29/23 03:00:00 AM,126.8,69.40
1498,03/29/23 03:15:00 AM,126.0,69.33
1499,03/29/23 03:30:00 AM,126.8,69.24
1500,03/29/23 03:45:00 AM,126.8,69.15
1501,03/29/23 04:00:00 AM,125.2,69.06
1502,03/29/23 04:15:00 AM,124.8,68.99
1503,03/29/23 04:30:00 AM,126.5,68.92
1504,03/29/23 04:45:00 AM,126.1,68.85
1505,03/29/23 05:00:00 AM,125.7,68.81
1506,03/29/23 05:15:00 AM,124.8,68.72
1507,03/29/23 05:30:00 AM,125.7,68.65
1508,03/29/23 05:45:00 AM,125.3,68.58
1509,03/29/23 06:00:00 AM,125.3,68.49
1510,03/29/23 06:15:00 AM,124.9,68.41
1511,03/29/23 06:30:00 AM,124.5,68.32
1512,03/29/23 06:45:00 AM,124.5,68.23
1513,03/29/23 07:00:00 AM,124.5,68.22
1514,03/29/23 07:15:00 AM,124.1,68.18
1515,03/29/23 07:30:00 AM,122.9,68.09
1516,03/29/23 07:45:00 AM,124.1,68.05
1517,03/29/23 08:00:00 AM,122.5,68.05
1518,03/29/23 08:15:00 AM,124.1,67.98
1519,03/29/23 08:30:00 AM,122.9,67.96
1520,03/29/23 08:45:00 AM,123.3,67.98
1521,03/29/23 09:00:00 AM,122.9,67.93
1522,03/29/23 09:15:00 AM,122.9,68.00
1523,03/29/23 09:30:00 AM,123.3,68.02
1524,03/29/23 09:45:00 AM,122.9,68.22
1525,03/29/23 10:00:00 AM,123.2,68.56
1526,03/29/23 10:15:00 AM,123.6,68.92
1527,03/29/23 10:30:00 AM,125.2,69.24
1528,03/29/23 10:45:00 AM,126.4,69.46
1529,03/29/23 11:00:00 AM,124.8,69.49
1530,03/29/23 11:15:00 AM,124.8,69.37
1531,03/29/23 11:30:00 AM,124.8,69.28
1532,03/29/23 11:45:00 AM,124.8,69.37
1533,03/29/23 12:00:00 PM,124.8,69.44
1534,03/29/23 12:15:00 PM,124.4,69.30
1535,03/29/23 12:30:00 PM,124.4,69.33
1536,03/29/23 12:45:00 PM,122.4,69.40
1537,03/29/23 01:00:00 PM,124.8,69.62
1538,03/29/23 01:15:00 PM,125.2,69.75
1539,03/29/23 01:30:00 PM,125.2,69.80
1540,03/29/23 01:45:00 PM,125.6,70.02
1541,03/29/23 02:00:00 PM,125.6,70.14
1542,03/29/23 02:15:00 PM,125.5,70.27
1543,03/29/23 02:30:00 PM,125.6,70.20
1544,03/29/23 02:45:00 PM,125.5,70.29
1545,03/29/23 03:00:00 PM,125.1,70.25
1546,03/29/23 03:15:00 PM,125.5,70.30
1547,03/29/23 03:30:00 PM,126.0,70.25
1548,03/29/23 03:45:00 PM,125.1,70.20
1549,03/29/23 04:00:00 PM,125.6,70.14
1550,03/29/23 04:15:00 PM,125.1,70.25
1551,03/29/23 04:30:00 PM,125.6,70.00
1552,03/29/23 04:45:00 PM,124.8,69.87
1553,03/29/23 05:00:00 PM,124.8,69.75
1554,03/29/23 05:15:00 PM,125.2,69.62
1555,03/29/23 05:30:00 PM,124.4,69.49
1556,03/29/23 05:45:00 PM,124.4,69.37
1557,03/29/23 06:00:00 PM,124.4,69.19
1558,03/29/23 06:15:00 PM,124.4,69.03
1559,03/29/23 06:30:00 PM,124.0,68.90
1560,03/29/23 06:45:00 PM,124.4,68.77
1561,03/29/23 07:00:00 PM,124.0,68.61
1562,03/29/23 07:15:00 PM,124.1,68.50
1563,03/29/23 07:30:00 PM,124.1,68.34
1564,03/29/23 07:45:00 PM,124.1,68.25
1565,03/29/23 08:00:00 PM,123.7,68.16
1566,03/29/23 08:15:00 PM,124.1,68.02
1567,03/29/23 08:30:00 PM,123.3,67.89
1568,03/29/23 08:45:00 PM,122.9,67.80
1569,03/29/23 09:00:00 PM,122.5,67.71
1570,03/29/23 09:15:00 PM,122.5,67.59
1571,03/29/23 09:30:00 PM,122.1,67.50
1572,03/29/23 09:45:00 PM,122.9,67.39
1573,03/29/23 10:00:00 PM,122.9,67.28
1574,03/29/23 10:15:00 PM,122.1,67.21
1575,03/29/23 10:30:00 PM,122.9,67.12
1576,03/29/23 10:45:00 PM,121.3,66.99
1577,03/29/23 11:00:00 PM,121.7,66.90
1578,03/29/23 11:15:00 PM,121.7,66.79
1579,03/29/23 11:30:00 PM,121.7,66.69
1580,03/29/23 11:45:00 PM,121.3,66.60
1581,03/30/23 12:00:00 AM,120.1,66.47
1582,03/30/23 12:15:00 AM,120.5,66.36
1583,03/30/23 12:30:00 AM,121.0,66.27
1584,03/30/23 12:45:00 AM,120.6,66.15
1585,03/30/23 01:00:00 AM,120.6,66.06
1586,03/30/23 01:15:00 AM,120.6,65.97
1587,03/30/23 01:30:00 AM,119.8,65.88
1588,03/30/23 01:45:00 AM,120.6,65.79
1589,03/30/23 02:00:00 AM,119.4,65.70
1590,03/30/23 02:15:00 AM,120.2,65.61
1591,03/30/23 02:30:00 AM,119.8,65.52
1592,03/30/23 02:45:00 AM,118.6,65.44
1593,03/30/23 03:00:00 AM,119.0,65.34
1594,03/30/23 03:15:00 AM,120.2,65.25
1595,03/30/23 03:30:00 AM,119.8,65.16
1596,03/30/23 03:45:00 AM,119.8,65.03
1597,03/30/23 04:00:00 AM,119.0,64.92
1598,03/30/23 04:15:00 AM,119.0,64.81
1599,03/30/23 04:30:00 AM,117.8,64.65
1600,03/30/23 04:45:00 AM,117.8,64.56
1601,03/30/23 05:00:00 AM,118.2,64.42
1602,03/30/23 05:15:00 AM,118.3,64.26
1603,03/30/23 05:30:00 AM,117.9,64.09
1604,03/30/23 05:45:00 AM,116.6,63.93
1605,03/30/23 06:00:00 AM,115.8,63.77
1606,03/30/23 06:15:00 AM,115.9,63.64
1607,03/30/23 06:30:00 AM,117.1,63.50
1608,03/30/23 06:45:00 AM,117.1,63.41
1609,03/30/23 07:00:00 AM,117.1,63.34
1610,03/30/23 07:15:00 AM,117.1,63.30
1611,03/30/23 07:30:00 AM,116.7,63.28
1612,03/30/23 07:45:00 AM,115.5,63.28
1613,03/30/23 08:00:00 AM,115.1,63.25
1614,03/30/23 08:15:00 AM,114.7,63.32
1615,03/30/23 08:30:00 AM,114.6,63.41
1616,03/30/23 08:45:00 AM,115.5,63.52
1617,03/30/23 09:00:00 AM,117.1,63.72
1618,03/30/23 09:15:00 AM,116.2,63.97
1619,03/30/23 09:30:00 AM,116.2,64.18
1620,03/30/23 09:45:00 AM,117.0,64.60
1621,03/30/23 10:00:00 AM,118.2,65.17
1622,03/30/23 10:15:00 AM,118.2,65.71
1623,03/30/23 10:30:00 AM,118.9,66.24
1624,03/30/23 10:45:00 AM,119.7,66.47
1625,03/30/23 11:00:00 AM,119.3,66.56
1626,03/30/23 11:15:00 AM,118.9,66.47
1627,03/30/23 11:30:00 AM,118.9,66.47
1628,03/30/23 11:45:00 AM,118.9,66.54
1629,03/30/23 12:00:00 PM,118.9,66.79
1630,03/30/23 12:15:00 PM,118.5,66.49
1631,03/30/23 12:30:00 PM,118.5,66.49
1632,03/30/23 12:45:00 PM,118.5,66.83
1633,03/30/23 01:00:00 PM,118.9,66.94
1634,03/30/23 01:15:00 PM,119.3,67.12
1635,03/30/23 01:30:00 PM,119.7,67.24
1636,03/30/23 01:45:00 PM,119.7,67.50
1637,03/30/23 02:00:00 PM,120.0,67.84
1638,03/30/23 02:15:00 PM,120.4,67.93
1639,03/30/23 02:30:00 PM,120.4,68.07
1640,03/30/23 02:45:00 PM,120.8,68.22
1641,03/30/23 03:00:00 PM,121.6,68.25
1642,03/30/23 03:15:00 PM,121.2,68.36
1643,03/30/23 03:30:00 PM,121.2,68.41
1644,03/30/23 03:45:00 PM,121.2,68.65
1645,03/30/23 04:00:00 PM,120.8,68.49
1646,03/30/23 04:15:00 PM,121.2,68.76
1647,03/30/23 04:30:00 PM,121.2,68.50
1648,03/30/23 04:45:00 PM,121.2,68.43
1649,03/30/23 05:00:00 PM,121.6,68.32
1650,03/30/23 05:15:00 PM,121.6,68.18
1651,03/30/23 05:30:00 PM,121.6,68.07
1652,03/30/23 05:45:00 PM,121.7,67.96
1653,03/30/23 06:00:00 PM,121.7,67.84
1654,03/30/23 06:15:00 PM,120.0,67.73
1655,03/30/23 06:30:00 PM,120.1,67.57
1656,03/30/23 06:45:00 PM,119.7,67.46
1657,03/30/23 07:00:00 PM,120.9,67.33
1658,03/30/23 07:15:00 PM,119.7,67.21
1659,03/30/23 07:30:00 PM,119.7,67.12
1660,03/30/23 07:45:00 PM,121.3,66.99
1661,03/30/23 08:00:00 PM,120.9,66.90
1662,03/30/23 08:15:00 PM,119.7,66.79
1663,03/30/23 08:30:00 PM,118.9,66.69
1664,03/30/23 08:45:00 PM,118.9,66.56
1665,03/30/23 09:00:00 PM,118.9,66.45
1666,03/30/23 09:15:00 PM,118.5,66.34
1667,03/30/23 09:30:00 PM,118.5,66.24
1668,03/30/23 09:45:00 PM,118.5,66.13
1669,03/30/23 10:00:00 PM,120.2,66.04
1670,03/30/23 10:15:00 PM,118.5,65.95
1671,03/30/23 10:30:00 PM,118.1,65.86
1672,03/30/23 10:45:00 PM,119.0,65.77
1673,03/30/23 11:00:00 PM,118.2,65.64
1674,03/30/23 11:15:00 PM,119.0,65.55
1675,03/30/23 11:30:00 PM,119.4,65.44
1676,03/30/23 11:45:00 PM,117.4,65.34
1677,03/31/23 12:00:00 AM,118.6,65.21
1678,03/31/23 12:15:00 AM,116.6,65.10
1679,03/31/23 12:30:00 AM,116.6,65.01
1680,03/31/23 12:45:00 AM,117.8,64.87
1681,03/31/23 01:00:00 AM,116.2,64.76
1682,03/31/23 01:15:00 AM,116.2,64.65
1683,03/31/23 01:30:00 AM,116.2,64.56
1684,03/31/23 01:45:00 AM,117.8,64.47
1685,03/31/23 02:00:00 AM,118.2,64.36
1686,03/31/23 02:15:00 AM,117.4,64.26
1687,03/31/23 02:30:00 AM,115.4,64.18
1688,03/31/23 02:45:00 AM,117.5,64.11
1689,03/31/23 03:00:00 AM,116.2,64.00
1690,03/31/23 03:15:00 AM,115.8,63.93
1691,03/31/23 03:30:00 AM,115.0,63.84
1692,03/31/23 03:45:00 AM,116.7,63.77
1693,03/31/23 04:00:00 AM,116.7,63.68
1694,03/31/23 04:15:00 AM,115.0,63.63
1695,03/31/23 04:30:00 AM,116.7,63.52
1696,03/31/23 04:45:00 AM,116.3,63.46
1697,03/31/23 05:00:00 AM,115.9,63.37
1698,03/31/23 05:15:00 AM,116.3,63.30
1699,03/31/23 05:30:00 AM,115.9,63.23
1700,03/31/23 05:45:00 AM,116.3,63.16
1701,03/31/23 06:00:00 AM,114.3,63.09
1702,03/31/23 06:15:00 AM,114.7,63.05
1703,03/31/23 06:30:00 AM,115.1,63.00
1704,03/31/23 06:45:00 AM,114.7,62.98
1705,03/31/23 07:00:00 AM,114.3,63.00
1706,03/31/23 07:15:00 AM,114.3,62.98
1707,03/31/23 07:30:00 AM,114.3,63.03
1708,03/31/23 07:45:00 AM,114.7,63.16
1709,03/31/23 08:00:00 AM,115.5,63.23
1710,03/31/23 08:15:00 AM,114.2,63.39
1711,03/31/23 08:30:00 AM,114.6,63.57
1712,03/31/23 08:45:00 AM,115.4,63.82
1713,03/31/23 09:00:00 AM,115.8,64.11
1714,03/31/23 09:15:00 AM,116.2,64.47
1715,03/31/23 09:30:00 AM,117.4,64.83
1716,03/31/23 09:45:00 AM,118.2,65.35
1717,03/31/23 10:00:00 AM,118.5,65.95
1718,03/31/23 10:15:00 AM,119.7,66.60
1719,03/31/23 10:30:00 AM,120.5,67.14
1720,03/31/23 10:45:00 AM,121.7,67.55
1721,03/31/23 11:00:00 AM,121.3,67.32
1722,03/31/23 11:15:00 AM,121.7,67.50
1723,03/31/23 11:30:00 AM,121.7,67.73
1724,03/31/23 11:45:00 AM,121.7,67.93
1725,03/31/23 12:00:00 PM,122.0,68.09
1726,03/31/23 12:15:00 PM,122.1,67.89
1727,03/31/23 12:30:00 PM,122.5,68.09
1728,03/31/23 12:45:00 PM,122.0,68.18
1729,03/31/23 01:00:00 PM,122.4,68.34
1730,03/31/23 01:15:00 PM,121.2,68.59
1731,03/31/23 01:30:00 PM,122.8,68.81
1732,03/31/23 01:45:00 PM,122.0,69.12
1733,03/31/23 02:00:00 PM,124.8,69.85
1734,03/31/23 02:15:00 PM,123.2,69.62
1735,03/31/23 02:30:00 PM,124.8,69.85
1736,03/31/23 02:45:00 PM,123.5,70.14
1737,03/31/23 03:00:00 PM,123.9,70.34
1738,03/31/23 03:15:00 PM,125.1,70.48
1739,03/31/23 03:30:00 PM,123.9,70.59
1740,03/31/23 03:45:00 PM,124.7,70.79
1741,03/31/23 04:00:00 PM,124.3,70.65
1742,03/31/23 04:15:00 PM,124.3,70.77
1743,03/31/23 04:30:00 PM,125.9,70.74
1744,03/31/23 04:45:00 PM,126.3,70.74
1745,03/31/23 05:00:00 PM,126.3,70.72
1746,03/31/23 05:15:00 PM,124.3,70.65
1747,03/31/23 05:30:00 PM,125.1,70.65
1748,03/31/23 05:45:00 PM,124.3,70.61
1749,03/31/23 06:00:00 PM,125.9,70.54
1750,03/31/23 06:15:00 PM,125.9,70.45
1751,03/31/23 06:30:00 PM,125.9,70.38
1752,03/31/23 06:45:00 PM,125.5,70.30
1753,03/31/23 07:00:00 PM,123.9,70.21
1754,03/31/23 07:15:00 PM,125.6,70.11
1755,03/31/23 07:30:00 PM,125.2,70.00
1756,03/31/23 07:45:00 PM,125.2,69.87
1757,03/31/23 08:00:00 PM,125.2,69.78
1758,03/31/23 08:15:00 PM,125.2,69.69
1759,03/31/23 08:30:00 PM,123.2,69.60
1760,03/31/23 08:45:00 PM,124.0,69.51
1761,03/31/23 09:00:00 PM,124.0,69.42
1762,03/31/23 09:15:00 PM,124.0,69.35
1763,03/31/23 09:30:00 PM,124.4,69.30
1764,03/31/23 09:45:00 PM,124.0,69.19
1765,03/31/23 10:00:00 PM,123.6,69.08
1766,03/31/23 10:15:00 PM,123.6,68.95
1767,03/31/23 10:30:00 PM,123.2,68.83
1768,03/31/23 10:45:00 PM,123.2,68.72
1769,03/31/23 11:00:00 PM,123.6,68.59
1770,03/31/23 11:15:00 PM,123.2,68.47
1771,03/31/23 11:30:00 PM,122.8,68.34
1772,03/31/23 11:45:00 PM,122.9,68.22
1773,04/01/23 12:00:00 AM,120.8,68.09
1774,04/01/23 12:15:00 AM,120.8,68.00
1775,04/01/23 12:30:00 AM,122.1,67.87
1776,04/01/23 12:45:00 AM,121.7,67.75
1777,04/01/23 01:00:00 AM,120.5,67.62
1778,04/01/23 01:15:00 AM,121.7,67.50
1779,04/01/23 01:30:00 AM,119.7,67.41
1780,04/01/23 01:45:00 AM,119.7,67.30
1781,04/01/23 02:00:00 AM,119.3,67.17
1782,04/01/23 02:15:00 AM,119.3,67.08
1783,04/01/23 02:30:00 AM,118.9,66.97
1784,04/01/23 02:45:00 AM,120.5,66.88
1785,04/01/23 03:00:00 AM,120.5,66.79
1786,04/01/23 03:15:00 AM,118.5,66.72
1787,04/01/23 03:30:00 AM,120.1,66.65
1788,04/01/23 03:45:00 AM,119.7,66.56
1789,04/01/23 04:00:00 AM,119.7,66.49
1790,04/01/23 04:15:00 AM,119.7,66.40
1791,04/01/23 04:30:00 AM,119.3,66.34
1792,04/01/23 04:45:00 AM,119.7,66.27
1793,04/01/23 05:00:00 AM,118.1,66.22
1794,04/01/23 05:15:00 AM,119.3,66.20
1795,04/01/23 05:30:00 AM,118.1,66.18
1796,04/01/23 05:45:00 AM,118.5,66.13
1797,04/01/23 06:00:00 AM,119.3,66.11
1798,04/01/23 06:15:00 AM,118.9,66.04
1799,04/01/23 06:30:00 AM,119.4,66.00
1800,04/01/23 06:45:00 AM,118.5,66.00
1801,04/01/23 07:00:00 AM,118.5,66.04
1802,04/01/23 07:15:00 AM,119.3,66.11
1803,04/01/23 07:30:00 AM,118.1,66.20
1804,04/01/23 07:45:00 AM,119.3,66.31
1805,04/01/23 08:00:00 AM,119.3,66.43
1806,04/01/23 08:15:00 AM,119.7,66.56
1807,04/01/23 08:30:00 AM,118.5,66.74
1808,04/01/23 08:45:00 AM,120.9,66.99
1809,04/01/23 09:00:00 AM,119.3,67.28
1810,04/01/23 09:15:00 AM,120.9,67.66
1811,04/01/23 09:30:00 AM,122.5,68.00
1812,04/01/23 09:45:00 AM,121.2,68.49
1813,04/01/23 10:00:00 AM,121.6,69.15
1814,04/01/23 10:15:00 AM,124.0,69.46
1815,04/01/23 10:30:00 AM,124.4,69.60
1816,04/01/23 10:45:00 AM,123.5,69.80
1817,04/01/23 11:00:00 AM,123.5,70.02
1818,04/01/23 11:15:00 AM,125.1,70.12
1819,04/01/23 11:30:00 AM,123.5,70.27
1820,04/01/23 11:45:00 AM,124.7,70.48
1821,04/01/23 12:00:00 PM,125.5,70.48
1822,04/01/23 12:15:00 PM,123.5,70.61
1823,04/01/23 12:30:00 PM,124.3,70.86
1824,04/01/23 12:45:00 PM,125.5,70.90
1825,04/01/23 01:00:00 PM,125.1,71.22
1826,04/01/23 01:15:00 PM,127.1,71.53
1827,04/01/23 01:30:00 PM,125.0,71.55
1828,04/01/23 01:45:00 PM,128.2,72.50
1829,04/01/23 02:00:00 PM,127.0,71.92
1830,04/01/23 02:15:00 PM,128.2,72.21
1831,04/01/23 02:30:00 PM,126.2,72.25
1832,04/01/23 02:45:00 PM,126.6,72.34
1833,04/01/23 03:00:00 PM,127.0,72.48
1834,04/01/23 03:15:00 PM,127.0,72.73
1835,04/01/23 03:30:00 PM,129.0,72.90
1836,04/01/23 03:45:00 PM,129.0,72.93
1837,04/01/23 04:00:00 PM,127.4,73.02
1838,04/01/23 04:15:00 PM,127.4,73.09
1839,04/01/23 04:30:00 PM,127.4,73.09
1840,04/01/23 04:45:00 PM,127.4,73.08
1841,04/01/23 05:00:00 PM,127.4,72.99
1842,04/01/23 05:15:00 PM,127.4,72.86
1843,04/01/23 05:30:00 PM,127.4,72.81
1844,04/01/23 05:45:00 PM,127.4,72.72
1845,04/01/23 06:00:00 PM,127.0,72.59
1846,04/01/23 06:15:00 PM,126.6,72.52
1847,04/01/23 06:30:00 PM,126.6,72.41
1848,04/01/23 06:45:00 PM,126.6,72.32
1849,04/01/23 07:00:00 PM,126.2,72.23
1850,04/01/23 07:15:00 PM,126.6,72.14
1851,04/01/23 07:30:00 PM,126.6,72.01
1852,04/01/23 07:45:00 PM,126.2,71.96
1853,04/01/23 08:00:00 PM,126.6,71.89
1854,04/01/23 08:15:00 PM,126.2,71.82
1855,04/01/23 08:30:00 PM,126.2,71.74
1856,04/01/23 08:45:00 PM,126.7,71.67
1857,04/01/23 09:00:00 PM,126.3,71.55
1858,04/01/23 09:15:00 PM,126.3,71.49
1859,04/01/23 09:30:00 PM,126.3,71.42
1860,04/01/23 09:45:00 PM,127.1,71.37
1861,04/01/23 10:00:00 PM,127.1,71.29
1862,04/01/23 10:15:00 PM,125.9,71.22
1863,04/01/23 10:30:00 PM,126.3,71.19
1864,04/01/23 10:45:00 PM,125.9,71.11
1865,04/01/23 11:00:00 PM,125.1,71.04
1866,04/01/23 11:15:00 PM,125.5,70.99
1867,04/01/23 11:30:00 PM,125.9,70.95
1868,04/01/23 11:45:00 PM,125.9,70.90
1869,04/02/23 12:00:00 AM,125.5,70.86
1870,04/02/23 12:15:00 AM,125.5,70.81
1871,04/02/23 12:30:00 AM,125.1,70.74
1872,04/02/23 12:45:00 AM,125.9,70.70
1873,04/02/23 01:00:00 AM,125.1,70.63
1874,04/02/23 01:15:00 AM,125.1,70.61
1875,04/02/23 01:30:00 AM,125.5,70.59
1876,04/02/23 01:45:00 AM,125.9,70.54
1877,04/02/23 02:00:00 AM,125.1,70.52
1878,04/02/23 02:15:00 AM,126.7,70.48
1879,04/02/23 02:30:00 AM,125.9,70.45
1880,04/02/23 02:45:00 AM,125.1,70.43
1881,04/02/23 03:00:00 AM,125.5,70.39
1882,04/02/23 03:15:00 AM,124.7,70.38
1883,04/02/23 03:30:00 AM,125.5,70.36
1884,04/02/23 03:45:00 AM,124.7,70.29
1885,04/02/23 04:00:00 AM,124.3,70.27
1886,04/02/23 04:15:00 AM,124.3,70.21
1887,04/02/23 04:30:00 AM,124.3,70.18
1888,04/02/23 04:45:00 AM,126.0,70.12
1889,04/02/23 05:00:00 AM,123.9,70.05
1890,04/02/23 05:15:00 AM,123.9,70.00
1891,04/02/23 05:30:00 AM,123.9,69.93
1892,04/02/23 05:45:00 AM,124.0,69.80
1893,04/02/23 06:00:00 AM,124.0,69.69
1894,04/02/23 06:15:00 AM,124.0,69.60
1895,04/02/23 06:30:00 AM,123.6,69.51
1896,04/02/23 06:45:00 AM,123.2,69.42
1897,04/02/23 07:00:00 AM,123.2,69.40
1898,04/02/23 07:15:00 AM,123.2,69.40
1899,04/02/23 07:30:00 AM,123.2,69.46
1900,04/02/23 07:45:00 AM,123.2,69.55
1901,04/02/23 08:00:00 AM,123.2,69.66
1902,04/02/23 08:15:00 AM,123.1,69.76
1903,04/02/23 08:30:00 AM,123.1,69.89
1904,04/02/23 08:45:00 AM,123.1,70.02
1905,04/02/23 09:00:00 AM,123.1,70.21
1906,04/02/23 09:15:00 AM,125.5,70.47
1907,04/02/23 09:30:00 AM,124.3,70.70
1908,04/02/23 09:45:00 AM,127.5,70.97
1909,04/02/23 10:00:00 AM,126.7,71.46
1910,04/02/23 10:15:00 AM,127.8,72.14
1911,04/02/23 10:30:00 AM,129.0,72.90
1912,04/02/23 10:45:00 AM,130.6,73.26
1913,04/02/23 11:00:00 AM,131.0,73.35
1914,04/02/23 11:15:00 AM,129.8,73.36
1915,04/02/23 11:30:00 AM,130.2,73.20
1916,04/02/23 11:45:00 AM,129.4,73.20
1917,04/02/23 12:00:00 PM,129.0,73.24
1918,04/02/23 12:15:00 PM,128.2,73.26
1919,04/02/23 12:30:00 PM,129.8,73.49
1920,04/02/23 12:45:00 PM,126.9,73.17
1921,04/02/23 01:00:00 PM,128.6,73.27
1922,04/02/23 01:15:00 PM,129.0,73.27
1923,04/02/23 01:30:00 PM,129.4,73.18
1924,04/02/23 01:45:00 PM,128.5,73.69
1925,04/02/23 02:00:00 PM,127.7,73.76
1926,04/02/23 02:15:00 PM,129.8,73.33
1927,04/02/23 02:30:00 PM,128.6,73.36
1928,04/02/23 02:45:00 PM,126.5,73.45
1929,04/02/23 03:00:00 PM,128.5,73.49
1930,04/02/23 03:15:00 PM,126.5,73.51
1931,04/02/23 03:30:00 PM,125.3,73.44
1932,04/02/23 03:45:00 PM,126.9,73.56
1933,04/02/23 04:00:00 PM,126.5,73.53
1934,04/02/23 04:15:00 PM,126.1,73.58
1935,04/02/23 04:30:00 PM,125.3,73.36
1936,04/02/23 04:45:00 PM,125.3,73.35
1937,04/02/23 05:00:00 PM,125.3,73.26
1938,04/02/23 05:15:00 PM,124.9,73.09
1939,04/02/23 05:30:00 PM,124.9,73.00
1940,04/02/23 05:45:00 PM,124.9,72.93
1941,04/02/23 06:00:00 PM,124.9,72.93
1942,04/02/23 06:15:00 PM,124.5,72.86
1943,04/02/23 06:30:00 PM,125.0,72.77
1944,04/02/23 06:45:00 PM,124.6,72.61
1945,04/02/23 07:00:00 PM,125.4,72.43
1946,04/02/23 07:15:00 PM,124.2,72.23
1947,04/02/23 07:30:00 PM,123.8,72.01
1948,04/02/23 07:45:00 PM,124.2,71.83
1949,04/02/23 08:00:00 PM,123.0,71.64
1950,04/02/23 08:15:00 PM,123.8,71.42
1951,04/02/23 08:30:00 PM,123.0,71.22
1952,04/02/23 08:45:00 PM,123.5,71.08
1953,04/02/23 09:00:00 PM,123.1,70.93
1954,04/02/23 09:15:00 PM,121.9,70.77
1955,04/02/23 09:30:00 PM,121.9,70.61
1956,04/02/23 09:45:00 PM,121.5,70.47
1957,04/02/23 10:00:00 PM,121.5,70.34
1958,04/02/23 10:15:00 PM,121.1,70.20
1959,04/02/23 10:30:00 PM,121.1,70.03
1960,04/02/23 10:45:00 PM,120.3,69.87
1961,04/02/23 11:00:00 PM,120.7,69.71
1962,04/02/23 11:15:00 PM,120.3,69.55
1963,04/02/23 11:30:00 PM,119.9,69.46
1964,04/02/23 11:45:00 PM,119.5,69.30
1965,04/03/23 12:00:00 AM,118.7,69.17
1966,04/03/23 12:15:00 AM,118.7,69.03
1967,04/03/23 12:30:00 AM,118.3,68.92
1968,04/03/23 12:45:00 AM,117.9,68.74
1969,04/03/23 01:00:00 AM,117.5,68.59
1970,04/03/23 01:15:00 AM,116.7,68.43
1971,04/03/23 01:30:00 AM,116.8,68.27
1972,04/03/23 01:45:00 AM,116.4,68.18
1973,04/03/23 02:00:00 AM,116.0,68.05
1974,04/03/23 02:15:00 AM,116.0,67.98
1975,04/03/23 02:30:00 AM,115.6,67.82
1976,04/03/23 02:45:00 AM,115.6,67.71
1977,04/03/23 03:00:00 AM,115.2,67.64
1978,04/03/23 03:15:00 AM,115.2,67.50
1979,04/03/23 03:30:00 AM,114.8,67.37
1980,04/03/23 03:45:00 AM,118.0,67.21
1981,04/03/23 04:00:00 AM,115.2,67.17
1982,04/03/23 04:15:00 AM,111.1,67.06
1983,04/03/23 04:30:00 AM,110.7,66.99
1984,04/03/23 04:45:00 AM,110.3,66.94
1985,04/03/23 05:00:00 AM,109.9,66.81
1986,04/03/23 05:15:00 AM,109.9,66.74
1987,04/03/23 05:30:00 AM,110.0,66.69
1988,04/03/23 05:45:00 AM,110.0,66.60
1989,04/03/23 06:00:00 AM,109.6,66.54
1990,04/03/23 06:15:00 AM,109.2,66.45
1991,04/03/23 06:30:00 AM,109.2,66.36
1992,04/03/23 06:45:00 AM,110.0,66.34
1993,04/03/23 07:00:00 AM,110.0,66.31
1994,04/03/23 07:15:00 AM,112.0,66.29
1995,04/03/23 07:30:00 AM,110.8,66.34
1996,04/03/23 07:45:00 AM,110.8,66.36
1997,04/03/23 08:00:00 AM,110.8,66.38
1998,04/03/23 08:15:00 AM,111.2,66.43
1999,04/03/23 08:30:00 AM,110.8,66.49
2000,04/03/23 08:45:00 AM,111.2,66.56
2001,04/03/23 09:00:00 AM,111.2,66.65
2002,04/03/23 09:15:00 AM,111.2,66.88
2003,04/03/23 09:30:00 AM,111.6,67.12
2004,04/03/23 09:45:00 AM,113.6,67.39
2005,04/03/23 10:00:00 AM,36.1,68.18
